5.19469 85.4306 12.2372 11.5618 2.29448 5.91544 83.849 24 20.2875 4.4 8.4702 122.548 18 11.0763 3.6 7.6862 100.113 18 26.5933 3.6  0 0 0 0 0
5.24601 76.0886 11.7645 14.9422 2.20585 6.03632 105.583 24 29.8874 4.4 8.4702 75.1132 18 24.567 3.6 7.6862 93.7178 18 18.1273 3.6  0 0 0 0 0
5.96114 89.7003 13.3067 13.4732 2.49501 6.01672 161.596 24 29.8981 4.4 7.68776 82.0471 18 14.7377 3.6  0 0 0 0 0 0 0 0 0 0
5.95483 86.9347 13.3131 12.4602 2.49621 5.98672 54.9815 24 18.9592 4.4 8.49251 103.158 18 16.4771 3.6 7.68702 71.3648 18 15.1881 3.6  0 0 0 0 0
5.94925 48.19 13.2998 17.1057 2.49372 5.99102 81.3765 24 18.6512 4.4 7.68812 78.2252 18 23.1511 3.6  0 0 0 0 0 0 0 0 0 0
5.94961 77.3546 13.3132 17.4048 2.49622 6.01085 116.318 24 11.3305 4.4 8.3618 112.211 18 15.953 3.6 7.68878 50.1952 18 19.6453 3.6  0 0 0 0 0
5.94901 91.0616 13.3038 18.9177 2.49445 5.98579 116.989 24 16.6102 4.4 7.6862 85.0188 18 18.5063 3.6  0 0 0 0 0 0 0 0 0 0
5.96179 90.2148 13.311 11.9437 2.49581 6.01924 99.4863 24 22.8816 4.4 7.68664 113.606 18 15.7996 3.6  0 0 0 0 0 0 0 0 0 0
5.96091 72.5794 13.3266 13.5359 2.49875 6.00945 159.963 24 21.7726 4.4 8.48153 106.536 18 16.6642 3.6 7.68787 110.708 18 20.6261 3.6  0 0 0 0 0
5.95605 84.4652 13.3225 17.1756 2.49797 6.00697 117.361 24 20.9477 4.4 8.45681 83.0486 18 21.8806 3.6 7.68693 81.2908 18 20.6145 3.6  0 0 0 0 0
5.96353 86.2298 13.3154 20.3568 2.49663 5.99875 110.353 24 24.6372 4.4 7.69031 75.7578 18 16.3208 3.6  0 0 0 0 0 0 0 0 0 0
5.95362 109.603 13.3106 18.1518 2.49573 5.98982 94.5048 24 12.6263 4.4 7.68604 116.938 18 19.8817 3.6  0 0 0 0 0 0 0 0 0 0
5.94843 75.7831 13.3043 14.5891 2.49456 6.00372 117.794 24 17.629 4.4 7.68683 92.7567 18 15.9589 3.6  0 0 0 0 0 0 0 0 0 0
5.96607 105.795 13.322 15.0647 2.49788 6.00948 118.659 24 14.5358 4.4 7.68716 71.6063 18 18.3669 3.6  0 0 0 0 0 0 0 0 0 0
5.95576 88.2743 13.306 11.4066 2.49487 6.0201 152.954 24 27.7788 4.4 7.68901 102.717 18 11.9904 3.6  0 0 0 0 0 0 0 0 0 0
5.94996 98.3273 13.3122 17.009 2.49604 6.01918 119.175 24 20.0391 4.4 8.48874 94.3399 18 24.4049 3.6 7.68768 88.1747 18 14.8852 3.6  0 0 0 0 0
5.9673 68.4993 13.3157 17.7269 2.4967 5.99151 104.997 24 25.4672 4.4 7.68833 106.214 18 19.2583 3.6  0 0 0 0 0 0 0 0 0 0
5.95625 101.54 13.3205 16.1282 2.4976 6.02141 118.962 24 20.7068 4.4 8.37088 116.582 18 18.4192 3.6 7.68662 54.1648 18 20.7667 3.6  0 0 0 0 0
5.94701 89.7881 13.3005 13.3535 2.49385 6.01986 119.911 24 14.6169 4.4 7.6863 123.416 18 19.218 3.6  0 0 0 0 0 0 0 0 0 0
5.95064 90.7138 13.315 17.2604 2.49656 6.01158 113.157 24 18.9532 4.4 8.46982 90.0384 18 15.3613 3.6 7.6897 85.7927 18 8.2364 3.6  0 0 0 0 0
5.96071 77.2881 13.3289 12.5217 2.49918 5.98901 108.366 24 23.4774 4.4 8.42696 91.2231 18 17.3072 3.6 7.68815 96.2108 18 15.0898 3.6  0 0 0 0 0
5.95051 106.714 13.3152 17.3872 2.49661 5.99679 103.232 24 22.4628 4.4 8.4466 85.9032 18 19.1761 3.6 7.68545 93.2631 18 21.1878 3.6  0 0 0 0 0
5.96002 83.0019 13.3239 14.2236 2.49823 5.98727 142.594 24 28.9735 4.4 8.36649 66.8462 18 14.0104 3.6 7.69133 95.1298 18 19.454 3.6  0 0 0 0 0
5.96298 50.6353 13.3156 16.4395 2.49668 6.0175 70.9221 24 12.9588 4.4 8.41673 98.214 18 17.6636 3.6 7.687 94.1644 18 25.3164 3.6  0 0 0 0 0
5.948 86.514 13.2997 14.6838 2.49369 5.98576 83.8618 24 29.4824 4.4 7.68909 62.6453 18 22.039 3.6  0 0 0 0 0 0 0 0 0 0
5.95034 80.8167 13.317 10.5414 2.49694 5.9857 112.49 24 19.0405 4.4 8.39656 105.031 18 15.4898 3.6 7.68641 118.924 18 12.2417 3.6  0 0 0 0 0
5.96286 80.1878 13.3159 12.7428 2.49674 6.02168 180.582 24 11.698 4.4 7.68909 83.434 18 19.7142 3.6  0 0 0 0 0 0 0 0 0 0
5.95193 66.5991 13.312 16.217 2.49601 5.98658 112.454 24 17.0466 4.4 8.39834 87.8383 18 20.4653 3.6 7.69128 106.689 18 19.019 3.6  0 0 0 0 0
5.95399 84.5246 13.3036 14.0258 2.49443 6.02195 93.0582 24 13.7175 4.4 7.68831 106.918 18 24.6837 3.6  0 0 0 0 0 0 0 0 0 0
5.94696 86.5302 13.2958 15.1541 2.49296 6.01998 103.785 24 31.916 4.4 7.68984 88.5232 18 17.8583 3.6  0 0 0 0 0 0 0 0 0 0
5.96801 83.1424 13.3256 14.5582 2.49854 5.98803 154.04 24 21.1863 4.4 7.68693 85.8355 18 25.9879 3.6  0 0 0 0 0 0 0 0 0 0
5.96764 83.4853 13.3212 13.9644 2.49773 5.99161 153.381 24 18.2405 4.4 8.4806 60.8977 18 14.2866 3.6 7.68742 73.4701 18 18.526 3.6  0 0 0 0 0
5.94686 55.5585 13.3082 11.0803 2.49529 5.99093 126.553 24 20.294 4.4 8.42907 85.3772 18 20.988 3.6 7.68799 98.2194 18 15.1666 3.6  0 0 0 0 0
5.96095 75.8204 13.328 12.9685 2.49901 5.9857 150.074 24 21.7193 4.4 8.3694 66.0549 18 23.049 3.6 7.68724 83.6053 18 15.8443 3.6  0 0 0 0 0
5.43691 92.7983 13.1946 12.4438 2.47398 6.02187 133.5 24 24.0978 4.4 8.36077 48.8446 18 21.9255 3.6 7.68929 95.3648 18 18.0199 3.6  0 0 0 0 0
5.9564 84.4566 13.3201 17.1676 2.49751 5.99107 116.17 24 22.4125 4.4 8.35955 123.053 18 13.4305 3.6 7.68832 69.5768 18 22.9098 3.6  0 0 0 0 0
5.95013 89.9733 13.305 12.6662 2.49468 6.0217 135.824 24 19.6448 4.4 8.42339 113.683 18 15.5428 3.6 7.68795 108.25 18 15.9211 3.6  0 0 0 0 0
5.961 68.8403 13.3094 15.4218 2.49551 6.01158 129.617 24 19.185 4.4 7.68871 73.3404 18 26.3685 3.6  0 0 0 0 0 0 0 0 0 0
5.94686 53.6893 13.2931 20.2709 2.49246 6.01599 134.433 24 21.1331 4.4 7.68659 76.8826 18 16.152 3.6  0 0 0 0 0 0 0 0 0 0
5.95911 73.1014 13.3067 14.4887 2.495 6.01426 153.065 24 20.8344 4.4 7.68916 124.697 18 19.9826 3.6  0 0 0 0 0 0 0 0 0 0
5.4368 44.8438 13.1827 13.7478 2.47176 5.98574 136.326 24 24.6962 4.4 8.35972 86.9258 18 18.8683 3.6 7.68856 85.1464 18 20.3428 3.6  0 0 0 0 0
5.96127 68.8312 13.3153 13.4646 2.49661 5.99036 137.405 24 22.9832 4.4 7.68863 101.077 18 15.5827 3.6  0 0 0 0 0 0 0 0 0 0
5.94799 89.1217 13.3029 12.8471 2.49429 6.01934 115.991 24 20.8002 4.4 8.47944 100.205 18 13.2579 3.6 7.69121 98.7391 18 15.3748 3.6  0 0 0 0 0
5.94965 78.893 13.3024 13.8207 2.49419 5.99392 131.065 24 24.863 4.4 7.68788 94.4237 18 11.4305 3.6  0 0 0 0 0 0 0 0 0 0
5.95153 80.44 13.2988 19.3448 2.49352 6.02226 115.604 24 18.1495 4.4 7.6881 64.2252 18 18.135 3.6  0 0 0 0 0 0 0 0 0 0
5.96702 73.6619 13.3212 10.0374 2.49773 5.98723 96.0299 24 25.6289 4.4 7.68881 85.6009 18 14.3566 3.6  0 0 0 0 0 0 0 0 0 0
5.9569 90.9368 13.3227 15.8395 2.498 6.00425 110.127 24 21.4321 4.4 8.36976 69.783 18 20.8265 3.6 7.69036 72.2544 18 17.2301 3.6  0 0 0 0 0
5.94806 64.7831 13.2996 10.8259 2.49368 6.01736 185.923 24 26.7147 4.4 7.68803 72.0132 18 16.8123 3.6  0 0 0 0 0 0 0 0 0 0
5.96153 62.9123 13.3162 13.3305 2.49679 6.00327 158.23 24 24.7565 4.4 7.68785 104.785 18 13.0473 3.6  0 0 0 0 0 0 0 0 0 0
5.95457 67.8575 13.3196 16.7695 2.49742 5.9857 116.036 24 17.3362 4.4 8.42587 65.2273 18 13.6199 3.6 7.68738 98.3001 18 15.4627 3.6  0 0 0 0 0
5.95044 85.2846 13.2998 15.1661 2.49371 5.99689 118.919 24 23.2517 4.4 7.68736 69.455 18 17.6177 3.6  0 0 0 0 0 0 0 0 0 0
5.96453 72.4743 13.3132 15.4448 2.49622 5.98563 131.65 24 22.5806 4.4 7.68841 86.9219 18 12.8244 3.6  0 0 0 0 0 0 0 0 0 0
5.9518 81.4405 13.3003 16.9857 2.4938 6.00394 139.013 24 23.7676 4.4 7.68744 79.6957 18 19.5623 3.6  0 0 0 0 0 0 0 0 0 0
5.94686 76.7194 13.3025 12.914 2.49422 6.01893 139.139 24 13.3603 4.4 7.68707 64.3534 18 18.1467 3.6  0 0 0 0 0 0 0 0 0 0
5.95285 100.024 13.3081 15.8506 2.49527 5.99655 147.209 24 5.61299 4.4 8.44068 81.8327 18 18.0274 3.6 7.68821 68.1125 18 20.245 3.6  0 0 0 0 0
5.95544 109.242 13.3215 16.5941 2.49779 5.9858 135.387 24 15.8112 4.4 8.35784 56.0148 18 13.4511 3.6 7.68661 98.9954 18 13.8986 3.6  0 0 0 0 0
5.95644 97.6675 13.3048 15.2992 2.49466 5.99749 120.533 24 21.123 4.4 7.68821 72.3477 18 13.8844 3.6  0 0 0 0 0 0 0 0 0 0
5.95496 73.9791 13.3114 14.9995 2.49589 6.00213 96.9111 24 20.101 4.4 8.41153 59.8132 18 22.4787 3.6 7.68747 61.0025 18 21.6364 3.6  0 0 0 0 0
5.96774 65.7111 13.3287 14.1815 2.49914 6.01312 93.3452 24 18.0192 4.4 8.49304 71.1659 18 17.2343 3.6 7.6884 81.3922 18 12.0212 3.6  0 0 0 0 0
5.94906 91.2551 13.2977 15.7475 2.49332 5.99224 147.555 24 10.922 4.4 8.37725 78.9304 18 15.3941 3.6 7.6868 74.5344 18 13.061 3.6  0 0 0 0 0
5.95624 61.0255 13.3104 14.661 2.4957 6.0087 76.6516 24 23.3349 4.4 8.50977 85.7869 18 17.6644 3.6 7.68754 114.008 18 17.6937 3.6  0 0 0 0 0
5.96013 87.0856 13.3102 15.5943 2.49566 6.02177 84.2931 24 14.6285 4.4 8.48166 106.931 18 16.5135 3.6 7.69061 107.323 18 19.3953 3.6  0 0 0 0 0
5.95047 85.7122 13.3091 12.898 2.49545 5.98617 100.308 24 22.0273 4.4 8.49723 120.587 18 22.219 3.6 7.68684 133.291 18 18.0506 3.6  0 0 0 0 0
5.96346 43.2042 13.3118 19.9374 2.49595 5.99032 105.823 24 20.4009 4.4 7.68753 84.5442 18 16.7636 3.6  0 0 0 0 0 0 0 0 0 0
5.95228 77.3768 13.2992 15.9276 2.49359 6.01815 134.804 24 17.8028 4.4 7.68837 84.1719 18 12.0326 3.6  0 0 0 0 0 0 0 0 0 0
5.96102 92.2274 13.3294 13.8898 2.49926 5.99328 101.718 24 28.6638 4.4 8.35985 79.0315 18 19.0761 3.6 7.69099 54.9409 18 23.2421 3.6  0 0 0 0 0
5.95708 81.5977 13.3048 10.8338 2.49466 6.02061 95.718 24 22.7396 4.4 7.68579 82.4824 18 19.6317 3.6  0 0 0 0 0 0 0 0 0 0
5.95061 95.7601 13.3133 17.7206 2.49625 6.01023 110.246 24 17.793 4.4 8.37092 77.4566 18 17.4625 3.6 7.68687 90.4684 18 20.8195 3.6  0 0 0 0 0
5.94697 85.7578 13.3076 13.3928 2.49517 5.99964 149.242 24 7.57322 4.4 8.4454 116.558 18 10.7438 3.6 7.68672 116.258 18 17.8999 3.6  0 0 0 0 0
5.96583 71.582 13.3349 11.6152 2.50029 5.98585 142.113 24 24.9194 4.4 8.40668 96.1183 18 17.0584 3.6 7.68747 94.2644 18 23.4218 3.6  0 0 0 0 0
5.43638 80.0841 13.1858 15.7207 2.47233 5.99975 113.304 24 19.5318 4.4 8.37315 103.095 18 19.0074 3.6 7.68742 62.0798 18 19.7748 3.6  0 0 0 0 0
5.94721 77.7712 13.2941 17.6561 2.49265 6.01867 166.545 24 26.47 4.4 7.69052 86.478 18 18.712 3.6  0 0 0 0 0 0 0 0 0 0
5.96791 83.1175 13.3177 15.1093 2.49708 6.00419 124.947 24 15.1119 4.4 7.69052 85.5932 18 21.6713 3.6  0 0 0 0 0 0 0 0 0 0
5.94959 75.4144 13.2965 16.3752 2.49308 6.01325 119.119 24 25.6359 4.4 7.68894 116.728 18 18.2687 3.6  0 0 0 0 0 0 0 0 0 0
5.96488 83.5929 13.3294 12.3998 2.49926 5.9858 148.595 24 15.9115 4.4 8.46207 58.7244 18 22.7338 3.6 7.68747 66.5288 18 13.6733 3.6  0 0 0 0 0
5.95682 95.2559 13.3156 15.2381 2.49667 6.01781 149.946 24 21.1876 4.4 7.68767 92.7701 18 17.0579 3.6  0 0 0 0 0 0 0 0 0 0
5.95992 75.7698 13.3282 14.8337 2.49904 5.99441 99.4378 24 23.6712 4.4 8.35982 104.351 18 19.4003 3.6 7.69092 78.4211 18 24.5715 3.6  0 0 0 0 0
5.95412 93.8712 13.3191 10.2487 2.49734 5.99369 121.917 24 21.8362 4.4 8.44982 91.4621 18 17.3493 3.6 7.68717 96.4724 18 24.213 3.6  0 0 0 0 0
5.96447 66.2578 13.3135 18.6345 2.49627 6.00267 128.438 24 27.7474 4.4 7.68763 67.7875 18 23.5424 3.6  0 0 0 0 0 0 0 0 0 0
5.94678 107.59 13.3012 15.0228 2.49397 6.02197 90.9488 24 23.4852 4.4 7.68646 46.801 18 18.523 3.6  0 0 0 0 0 0 0 0 0 0
5.96595 68.2171 13.3174 12.8268 2.49702 6.00914 97.3928 24 22.3766 4.4 7.68841 84.5758 18 18.078 3.6  0 0 0 0 0 0 0 0 0 0
5.9673 70.1334 13.3347 13.9288 2.50026 5.98587 125.013 24 22.5997 4.4 8.36675 48.4307 18 18.3716 3.6 7.68946 69.0561 18 18.072 3.6  0 0 0 0 0
5.96753 57.5637 13.3171 15.3633 2.49697 5.98707 111.671 24 22.1947 4.4 7.68585 81.8086 18 19.317 3.6  0 0 0 0 0 0 0 0 0 0
5.94935 52.7834 13.3051 13.7999 2.4947 6.01285 108.255 24 22.7757 4.4 7.68838 80.639 18 17.6297 3.6  0 0 0 0 0 0 0 0 0 0
5.96091 79.7389 13.3117 15.229 2.49593 6.01499 114.858 24 27.9394 4.4 7.68575 79.693 18 16.6875 3.6  0 0 0 0 0 0 0 0 0 0
5.95666 59.8172 13.3143 14.4591 2.49643 5.98699 149.796 24 25.4031 4.4 8.43624 101.944 18 23.3675 3.6 7.68673 122.817 18 19.2086 3.6  0 0 0 0 0
5.95685 98.814 13.3217 16.3398 2.49782 5.99417 125.909 24 17.3069 4.4 8.35999 99.6072 18 13.1813 3.6 7.69044 76.5376 18 11.1378 3.6  0 0 0 0 0
5.94676 96.7397 13.3089 12.7198 2.49542 5.99504 98.0596 24 19.1058 4.4 8.48 104.957 18 17.3233 3.6 7.68832 97.1557 18 19.0739 3.6  0 0 0 0 0
5.96666 91.4308 13.3255 19.1362 2.49852 6.00784 108.303 24 15.4751 4.4 8.38082 108.166 18 18.8293 3.6 7.68705 108.132 18 16.9549 3.6  0 0 0 0 0
5.43611 94.8343 13.1823 20.6261 2.47168 6.00656 113.332 24 26.8143 4.4 8.36754 88.2978 18 13.9637 3.6 7.68977 77.0402 18 19.2163 3.6  0 0 0 0 0
5.9495 86.0852 13.3044 13.6287 2.49457 6.0052 122.336 24 18.4423 4.4 7.68909 101.136 18 17.6027 3.6  0 0 0 0 0 0 0 0 0 0
5.94682 82.0198 13.3098 12.6109 2.4956 6.00128 124.821 24 19.2608 4.4 8.42509 79.6424 18 13.2961 3.6 7.6884 75.204 18 19.3841 3.6  0 0 0 0 0
5.96872 56.9982 13.3177 16.2858 2.49706 6.00751 108.603 24 23.3297 4.4 7.68756 63.2711 18 15.2142 3.6  0 0 0 0 0 0 0 0 0 0
5.43755 80.6277 13.1891 14.6691 2.47296 5.98623 165.973 24 26.1602 4.4 8.45365 102.418 18 20.3359 3.6 7.68823 102.652 18 22.2081 3.6  0 0 0 0 0
5.43822 97.7523 13.198 12.0861 2.47463 6.02058 107.12 24 22.8919 4.4 8.36626 69.1698 18 22.5335 3.6 7.68777 106.493 18 12.1056 3.6  0 0 0 0 0
5.94935 64.5376 13.2981 14.5652 2.4934 6.0136 129.919 24 21.884 4.4 7.68782 102.626 18 18.4558 3.6  0 0 0 0 0 0 0 0 0 0
5.96786 76.2442 13.3289 11.9183 2.49916 5.98527 118.443 24 20.7907 4.4 7.6886 97.8912 18 24.4847 3.6  0 0 0 0 0 0 0 0 0 0
5.96337 92.4437 13.3177 15.6262 2.49707 5.99399 139.586 24 19.6325 4.4 7.68755 92.637 18 15.3055 3.6  0 0 0 0 0 0 0 0 0 0
5.96175 80.0072 13.3147 13.8336 2.4965 5.99161 107.277 24 18.9692 4.4 8.44018 77.3283 18 10.1518 3.6 7.6883 84.4662 18 20.6708 3.6  0 0 0 0 0
5.94687 69.1623 13.3091 19.3375 2.49546 5.98539 176.782 24 22.8015 4.4 8.38425 115.834 18 14.2379 3.6 7.68871 76.3634 18 19.7337 3.6  0 0 0 0 0
5.95072 69.1976 13.2976 13.8862 2.49331 6.01976 117.593 24 24.264 4.4 7.6879 97.9235 18 15.5372 3.6  0 0 0 0 0 0 0 0 0 0
5.96151 97.3385 13.3277 14.4315 2.49895 5.98569 92.5078 24 26.6248 4.4 8.46119 78.1834 18 19.1486 3.6 7.6883 92.8721 18 23.6633 3.6  0 0 0 0 0
5.96557 51.7672 13.3305 14.3146 2.49947 6.01181 108.601 24 26.2416 4.4 8.3753 90.3702 18 20.8384 3.6 7.68686 96.8221 18 18.3696 3.6  0 0 0 0 0
5.43569 73.8919 13.1642 17.6209 2.4683 6.00009 97.1325 24 27.8394 4.4 8.47857 85.1449 18 14.022 3.6 7.68866 86.715 18 21.1129 3.6  0 0 0 0 0
5.96273 69.6841 13.3115 17.5064 2.4959 5.98655 119.271 24 20.0685 4.4 7.68729 69.4293 18 14.772 3.6  0 0 0 0 0 0 0 0 0 0
5.96841 72.0142 13.3365 15.4033 2.5006 6.02234 106.962 24 27.6365 4.4 8.38077 107.208 18 17.1259 3.6 7.68751 77.833 18 18.1182 3.6  0 0 0 0 0
5.95966 74.1965 13.3194 17.2896 2.49738 5.99447 121.82 24 18.1758 4.4 8.39244 112.946 18 24.633 3.6 7.68792 71.834 18 19.9412 3.6  0 0 0 0 0
5.96617 96.5543 13.3161 16.1316 2.49676 6.01886 144.026 24 17.7177 4.4 7.68596 90.5243 18 18.9885 3.6  0 0 0 0 0 0 0 0 0 0
5.95475 73.3169 13.3054 17.4178 2.49476 6.01351 90.1357 24 28.4664 4.4 8.50196 71.3731 18 14.2945 3.6 7.6882 81.6087 18 16.4341 3.6  0 0 0 0 0
5.96798 96.071 13.319 14.7512 2.4973 5.98748 124.417 24 21.4349 4.4 7.68578 105.503 18 22.0893 3.6  0 0 0 0 0 0 0 0 0 0
5.9521 92.7761 13.3158 14.252 2.49671 5.99224 161.201 24 18.3564 4.4 8.48153 82.0941 18 20.3662 3.6 7.68762 82.0807 18 12.7192 3.6  0 0 0 0 0
5.9655 70.8198 13.3186 14.1821 2.49724 6.01956 96.6518 24 18.7363 4.4 7.68892 98.0379 18 13.4327 3.6  0 0 0 0 0 0 0 0 0 0
5.96853 66.4521 13.3357 12.272 2.50045 6.01663 151.72 24 30.5085 4.4 8.39487 68.0518 18 23.8485 3.6 7.6906 86.9318 18 22.3148 3.6  0 0 0 0 0
5.94725 84.918 13.3123 16.6851 2.49606 6.01511 130.499 24 18.3661 4.4 8.36582 135.874 18 13.1751 3.6 7.68685 84.1256 18 18.3116 3.6  0 0 0 0 0
5.94726 81.0954 13.3101 15.3401 2.49564 5.98634 130.61 24 19.3083 4.4 8.35588 120.204 18 11.1163 3.6 7.68737 114.532 18 16.6774 3.6  0 0 0 0 0
5.9554 112.596 13.3165 15.4541 2.49684 6.02273 150.612 24 28.5499 4.4 8.40296 93.8482 18 21.5334 3.6 7.68809 95.0723 18 16.8545 3.6  0 0 0 0 0
5.96819 89.2472 13.3287 14.6421 2.49913 5.986 148.317 24 23.0571 4.4 8.49792 105.71 18 23.1016 3.6 7.68756 93.194 18 18.2353 3.6  0 0 0 0 0
5.96436 69.7262 13.3122 11.936 2.49603 5.9897 137.194 24 22.1656 4.4 7.68753 83.479 18 20.9401 3.6  0 0 0 0 0 0 0 0 0 0
5.95748 79.2341 13.3218 14.5762 2.49783 6.00099 169.69 24 17.0654 4.4 8.46835 68.7755 18 9.46013 3.6 7.69079 77.1404 18 17.633 3.6  0 0 0 0 0
5.96489 63.9085 13.3308 12.7589 2.49953 5.98533 164.148 24 21.8319 4.4 8.35992 119.173 18 20.8811 3.6 7.6878 71.5381 18 17.1502 3.6  0 0 0 0 0
5.96887 70.3896 13.3337 17.4318 2.50007 6.01703 118.47 24 13.9195 4.4 8.39203 69.1899 18 18.0389 3.6 7.68556 60.529 18 23.0525 3.6  0 0 0 0 0
5.96731 94.1444 13.3299 12.6788 2.49936 6.00567 80.9948 24 19.2209 4.4 8.39864 81.7814 18 18.3297 3.6 7.6908 79.4714 18 16.8239 3.6  0 0 0 0 0
5.94702 93.8789 13.3145 17.656 2.49648 6.00486 151.346 24 15.2817 4.4 8.35567 81.7405 18 14.9653 3.6 7.68582 109.757 18 13.742 3.6  0 0 0 0 0
5.95001 118.765 13.3141 13.3783 2.49639 5.99391 117.928 24 25.8474 4.4 8.46992 105.587 18 21.9493 3.6 7.68898 92.629 18 20.047 3.6  0 0 0 0 0
5.94795 54.4016 13.2951 17.7839 2.49284 6.01926 131.4 24 20.8875 4.4 7.68554 114.393 18 22.3949 3.6  0 0 0 0 0 0 0 0 0 0
5.94739 104.242 13.2966 16.607 2.49311 6.02244 143.462 24 18.0514 4.4 7.68837 111.567 18 16.5757 3.6  0 0 0 0 0 0 0 0 0 0
5.94847 84.3713 13.2948 18.384 2.49277 6.02061 85.6185 24 21.8922 4.4 7.68805 86.4884 18 21.2151 3.6  0 0 0 0 0 0 0 0 0 0
5.95285 87.4898 13.319 14.0097 2.49731 5.99233 79.8588 24 19.4414 4.4 8.4623 78.6119 18 10.5225 3.6 7.68787 74.1521 18 15.8277 3.6  0 0 0 0 0
5.9541 84.5875 13.316 15.9401 2.49675 5.98627 149.319 24 21.7626 4.4 8.48426 58.9313 18 19.1324 3.6 7.68956 90.8328 18 12.3526 3.6  0 0 0 0 0
5.96264 79.2713 13.311 13.9069 2.49581 6.01303 111.051 24 29.6576 4.4 7.69072 80.5311 18 19.6444 3.6  0 0 0 0 0 0 0 0 0 0
5.95472 58.5785 13.3095 11.2127 2.49553 5.98905 142.485 24 25.7181 4.4 8.36984 127.954 18 18.7715 3.6 7.68697 88.7345 18 15.7871 3.6  0 0 0 0 0
5.96786 78.1816 13.317 16.7191 2.49695 6.02236 130.646 24 25.5658 4.4 7.6878 67.6851 18 21.0986 3.6  0 0 0 0 0 0 0 0 0 0
5.96919 66.57 13.318 12.6723 2.49712 6.01034 139.138 24 26.7799 4.4 7.68774 91.1367 18 9.7722 3.6  0 0 0 0 0 0 0 0 0 0
5.43641 75.734 13.1696 12.6364 2.4693 5.98836 173.753 24 21.9978 4.4 8.36497 79.6575 18 19.7196 3.6 7.68695 65.8169 18 19.6256 3.6  0 0 0 0 0
5.9468 71.3922 13.3032 14.2582 2.49434 6.00585 134.979 24 27.5342 4.4 8.39831 91.3542 18 14.2126 3.6 7.68833 69.335 18 25.0693 3.6  0 0 0 0 0
5.94937 69.1674 13.3007 20.9291 2.49388 5.99487 85.3263 24 22.158 4.4 7.68722 71.897 18 17.5684 3.6  0 0 0 0 0 0 0 0 0 0
5.96363 62.6021 13.3148 12.5227 2.49653 5.99632 147.107 24 24.8099 4.4 8.44611 73.4115 18 11.7028 3.6 7.68875 91.7902 18 19.6478 3.6  0 0 0 0 0
5.96867 74.0413 13.3179 10.6398 2.49712 5.98644 128.136 24 22.6951 4.4 7.68689 73.5324 18 16.4018 3.6  0 0 0 0 0 0 0 0 0 0
5.9692 106.391 13.3253 11.7776 2.49848 5.99074 103.703 24 24.9543 4.4 7.6871 113.497 18 12.949 3.6  0 0 0 0 0 0 0 0 0 0
5.95991 92.4189 13.3123 16.5893 2.49605 6.00531 116.301 24 19.0299 4.4 7.68883 88.0714 18 13.0168 3.6  0 0 0 0 0 0 0 0 0 0
5.9589 81.09 13.3075 17.9212 2.49516 5.99883 101.365 24 16.5079 4.4 8.51577 104.13 18 20.2162 3.6 7.69083 93.305 18 20.7778 3.6  0 0 0 0 0
5.94654 83.8248 13.2934 11.6419 2.49252 6.012 109.011 24 25.2583 4.4 7.68746 132.068 18 19.6464 3.6  0 0 0 0 0 0 0 0 0 0
5.96816 82.6623 13.319 15.5786 2.49731 6.00615 75.5741 24 24.8252 4.4 7.68718 63.8307 18 18.2091 3.6  0 0 0 0 0 0 0 0 0 0
5.9581 84.2894 13.3197 16.8182 2.49744 5.98843 105.676 24 24.844 4.4 8.49248 91.2577 18 21.0836 3.6 7.68942 80.0173 18 14.2703 3.6  0 0 0 0 0
5.96409 87.1263 13.3315 11.6446 2.49966 5.98572 107.707 24 26.6888 4.4 8.47098 104.964 18 14.3406 3.6 7.68729 75.6318 18 16.5242 3.6  0 0 0 0 0
5.96788 71.2324 13.3174 16.5097 2.49702 6.01889 133.567 24 20.0967 4.4 7.68738 104.69 18 21.9755 3.6  0 0 0 0 0 0 0 0 0 0
5.95311 61.3576 13.3192 15.7916 2.49735 5.98581 92.009 24 19.1861 4.4 8.449 78.9291 18 13.5991 3.6 7.68786 61.6011 18 19.0236 3.6  0 0 0 0 0
5.95679 87.4944 13.3105 12.5094 2.49571 6.0213 148.484 24 29.2411 4.4 8.5202 68.4284 18 15.3156 3.6 7.68637 111.844 18 23.6336 3.6  0 0 0 0 0
5.95391 71.9615 13.3032 11.1463 2.49435 6.01053 95.4836 24 26.6188 4.4 7.68809 74.4119 18 13.6617 3.6  0 0 0 0 0 0 0 0 0 0
5.9644 71.9228 13.3295 17.2699 2.49928 5.99113 128.85 24 30.0008 4.4 8.36585 70.9027 18 21.1779 3.6 7.68763 110.238 18 21.6671 3.6  0 0 0 0 0
5.95639 85.4656 13.3101 13.1492 2.49565 5.99171 138.798 24 26.6382 4.4 7.68704 97.428 18 21.3227 3.6  0 0 0 0 0 0 0 0 0 0
5.95453 65.8145 13.3209 19.0794 2.49766 5.98724 95.3508 24 25.0576 4.4 8.3858 98.3987 18 20.5705 3.6 7.68624 118.065 18 20.5954 3.6  0 0 0 0 0
5.96652 92.6303 13.3164 16.2417 2.49682 6.00028 144.029 24 16.4132 4.4 7.68802 90.3457 18 14.0391 3.6  0 0 0 0 0 0 0 0 0 0
5.96485 72.3747 13.3287 15.9318 2.49913 5.98898 172.471 24 27.8617 4.4 8.44894 120.455 18 20.4178 3.6 7.68808 88.6386 18 18.1998 3.6  0 0 0 0 0
5.96445 114.722 13.3197 16.4629 2.49744 5.99764 157.115 24 28.8789 4.4 8.50623 62.0085 18 26.3254 3.6 7.68937 78.3814 18 15.3188 3.6  0 0 0 0 0
5.95188 82.8186 13.3034 11.7821 2.49439 6.00536 78.2973 24 22.234 4.4 7.69073 65.6656 18 11.6014 3.6  0 0 0 0 0 0 0 0 0 0
5.96226 95.2291 13.3199 15.2853 2.49749 6.02197 136.103 24 19.0205 4.4 8.378 72.2889 18 13.0572 3.6 7.68681 96.9934 18 15.6897 3.6  0 0 0 0 0
5.95861 61.5589 13.3163 14.8622 2.49681 6.00739 111.891 24 20.4743 4.4 7.68853 95.6746 18 18.7914 3.6  0 0 0 0 0 0 0 0 0 0
5.94733 45.2011 13.295 12.5076 2.49281 6.01459 68.975 24 24.1391 4.4 7.69092 100.821 18 13.894 3.6  0 0 0 0 0 0 0 0 0 0
5.94799 69.9279 13.3109 19.1191 2.49579 5.98788 103.718 24 24.9476 4.4 8.49289 91.3893 18 18.3012 3.6 7.68992 75.7825 18 23.9497 3.6  0 0 0 0 0
5.96563 97.4874 13.3172 19.0086 2.49697 6.02175 90.9862 24 23.4796 4.4 7.68796 91.5324 18 19.053 3.6  0 0 0 0 0 0 0 0 0 0
5.96842 75.0955 13.3199 12.9618 2.49749 6.003 110.741 24 23.8784 4.4 7.68731 96.485 18 23.3334 3.6  0 0 0 0 0 0 0 0 0 0
5.95165 92.3894 13.3013 16.2898 2.49399 5.98565 122.113 24 28.466 4.4 7.6853 130.428 18 20.7634 3.6  0 0 0 0 0 0 0 0 0 0
5.96039 57.6429 13.3207 19.1616 2.49763 5.9923 139.059 24 22.2666 4.4 8.44733 87.6359 18 22.7936 3.6 7.68808 98.2151 18 17.3306 3.6  0 0 0 0 0
5.94713 64.1579 13.3118 16.8415 2.49597 6.0182 107.329 24 21.1337 4.4 8.47573 70.0021 18 18.5676 3.6 7.68723 70.8151 18 17.1547 3.6  0 0 0 0 0
5.95124 96.2993 13.3093 18.9308 2.49549 5.99643 133.292 24 33.5558 4.4 8.44894 83.383 18 21.4768 3.6 7.68853 90.1488 18 16.1384 3.6  0 0 0 0 0
5.95152 95.9214 13.3129 13.5094 2.49617 5.98876 95.5212 24 14.166 4.4 8.47317 94.4905 18 16.2106 3.6 7.68882 124.005 18 17.4329 3.6  0 0 0 0 0
5.95821 91.1269 13.3113 16.0675 2.49586 5.98564 153.05 24 16.5663 4.4 7.68971 71.5053 18 14.968 3.6  0 0 0 0 0 0 0 0 0 0
5.94819 84.0559 13.3073 14.6497 2.49513 5.9888 125.869 24 24.1662 4.4 8.40474 60.7817 18 19.6438 3.6 7.68813 109.034 18 19.4165 3.6  0 0 0 0 0
5.96685 99.1629 13.3294 14.6553 2.49926 5.99906 115.141 24 17.7336 4.4 8.49004 82.9997 18 13.8751 3.6 7.68706 114.939 18 12.5539 3.6  0 0 0 0 0
5.95807 55.7527 13.326 18.0443 2.49862 5.98649 140.191 24 29.0501 4.4 8.37384 81.8832 18 21.1795 3.6 7.68858 43.1307 18 14.2612 3.6  0 0 0 0 0
5.95604 93.5693 13.3075 14.9099 2.49516 6.00871 138.879 24 12.7772 4.4 7.68926 114.529 18 21.2002 3.6  0 0 0 0 0 0 0 0 0 0
5.9573 83.4976 13.3208 17.3693 2.49765 5.98894 116.346 24 18.108 4.4 8.36948 83.1704 18 16.2838 3.6 7.68866 95.138 18 14.2633 3.6  0 0 0 0 0
5.94994 76.7227 13.3047 16.1871 2.49464 6.02212 120.354 24 26.5344 4.4 8.44594 72.1487 18 19.5759 3.6 7.68862 126.376 18 12.2525 3.6  0 0 0 0 0
5.95785 90.584 13.3257 14.5785 2.49857 5.98856 165.279 24 26.1242 4.4 8.39767 103.447 18 24.9866 3.6 7.68807 106.681 18 14.8986 3.6  0 0 0 0 0
5.96753 78.148 13.324 16.5872 2.49824 5.98653 135.817 24 19.0062 4.4 7.68931 90.4835 18 18.6407 3.6  0 0 0 0 0 0 0 0 0 0
5.9493 61.3101 13.2976 16.8023 2.49331 5.98759 122.273 24 17.2449 4.4 7.68679 92.8595 18 17.602 3.6  0 0 0 0 0 0 0 0 0 0
5.95704 74.0944 13.3228 12.8128 2.49802 6.00689 129.348 24 16.8776 4.4 8.3963 94.8577 18 20.5804 3.6 7.68854 66.4824 18 18.7168 3.6  0 0 0 0 0
5.94754 95.2003 13.3097 10.8007 2.49557 6.0047 98.291 24 20.9875 4.4 8.43943 72.6087 18 14.4177 3.6 7.68676 71.8168 18 22.5155 3.6  0 0 0 0 0
5.94873 55.8497 13.3152 13.7138 2.49659 5.99843 145.743 24 21.191 4.4 8.35845 103.701 18 16.7636 3.6 7.68714 75.6803 18 20.6405 3.6  0 0 0 0 0
5.94977 87.9506 13.2988 14.3976 2.49352 6.00257 97.2895 24 27.3327 4.4 7.68661 109.877 18 17.3802 3.6  0 0 0 0 0 0 0 0 0 0
5.95093 68.0695 13.299 16.7293 2.49357 6.02141 133.548 24 23.3129 4.4 7.68605 116.359 18 21.3782 3.6  0 0 0 0 0 0 0 0 0 0
5.96647 77.3527 13.3151 16.423 2.49659 5.98886 113.744 24 19.9165 4.4 7.68807 98.141 18 23.7703 3.6  0 0 0 0 0 0 0 0 0 0
5.94988 86.1641 13.3166 9.22396 2.49686 6.02199 139.963 24 21.0369 4.4 8.36335 81.9622 18 20.1806 3.6 7.68683 116.09 18 17.4116 3.6  0 0 0 0 0
5.96048 72.2557 13.325 10.1273 2.49843 5.99594 115.486 24 26.7767 4.4 8.39211 81.1587 18 20.6242 3.6 7.68915 97.2641 18 13.4137 3.6  0 0 0 0 0
5.94823 113.839 13.2958 14.6094 2.49296 5.99696 99.6775 24 21.557 4.4 7.69059 96.9999 18 21.8891 3.6  0 0 0 0 0 0 0 0 0 0
5.96825 68.7066 13.3174 15.8827 2.49701 6.00295 127.418 24 25.5059 4.4 7.68771 89.6849 18 15.302 3.6  0 0 0 0 0 0 0 0 0 0
5.94728 74.8821 13.2963 16.3756 2.49306 5.99394 107.385 24 37.0323 4.4 7.6863 77.3742 18 17.8183 3.6  0 0 0 0 0 0 0 0 0 0
5.96671 93.3008 13.3261 16.9225 2.49865 6.01601 127.404 24 16.1165 4.4 8.49031 67.1576 18 14.9383 3.6 7.69053 113.383 18 15.1568 3.6  0 0 0 0 0
5.96091 78.5473 13.3097 15.3185 2.49557 6.01611 99.843 24 22.2393 4.4 7.68659 73.8106 18 12.076 3.6  0 0 0 0 0 0 0 0 0 0
5.94837 51.7848 13.2946 18.9369 2.49275 6.01346 122.243 24 24.1597 4.4 7.68832 109.9 18 19.0745 3.6  0 0 0 0 0 0 0 0 0 0
5.94784 103.343 13.3149 16.5983 2.49654 5.9869 153.694 24 26.3936 4.4 8.38885 75.4704 18 15.1607 3.6 7.68877 101.068 18 19.1265 3.6  0 0 0 0 0
5.96805 90.9263 13.3188 15.827 2.49727 6.01081 142.704 24 17.1813 4.4 7.68753 86.1266 18 20.0716 3.6  0 0 0 0 0 0 0 0 0 0
5.95478 78.9297 13.3037 14.4555 2.49445 6.02091 100.779 24 33.088 4.4 7.68713 78.7162 18 19.3358 3.6  0 0 0 0 0 0 0 0 0 0
5.9648 90.0742 13.3317 10.9684 2.49969 5.98561 123.698 24 13.7493 4.4 8.48177 102.767 18 18.0801 3.6 7.68802 100.903 18 21.4583 3.6  0 0 0 0 0
5.95131 75.4062 13.3174 17.0142 2.49702 5.98528 135.927 24 18.6673 4.4 8.45203 81.8693 18 12.6137 3.6 7.68684 91.2199 18 18.2464 3.6  0 0 0 0 0
5.95485 84.8851 13.3104 14.148 2.49571 5.99721 103.788 24 26.5127 4.4 7.68666 117.859 18 14.7102 3.6  0 0 0 0 0 0 0 0 0 0
5.96695 88.5821 13.3359 15.1123 2.50049 5.98567 127.885 24 16.4252 4.4 8.47447 78.3318 18 19.1402 3.6 7.68747 114.203 18 24.1441 3.6  0 0 0 0 0
5.96877 78.6725 13.3224 12.084 2.49795 6.01214 116.567 24 27.2578 4.4 7.68606 78.4373 18 21.1795 3.6  0 0 0 0 0 0 0 0 0 0
5.96492 93.1415 13.3147 15.5363 2.49651 6.00364 128.379 24 16.7018 4.4 7.68936 74.4872 18 22.8342 3.6  0 0 0 0 0 0 0 0 0 0
5.96497 75.7249 13.3134 15.4362 2.49627 5.9966 84.5855 24 20.4267 4.4 7.69055 117.027 18 25.2689 3.6  0 0 0 0 0 0 0 0 0 0
5.96324 67.6371 13.3307 15.325 2.4995 6.01607 72.8479 24 25.1855 4.4 8.39504 75.672 18 12.5453 3.6 7.68902 79.8069 18 13.5015 3.6  0 0 0 0 0
5.94835 84.2561 13.3093 16.6215 2.4955 5.99916 114.043 24 13.8507 4.4 8.44999 98.4582 18 22.5551 3.6 7.6889 79.1547 18 19.3902 3.6  0 0 0 0 0
5.94668 96.5401 13.2928 14.84 2.4924 6.00028 132.208 24 19.9238 4.4 7.68784 101.953 18 19.8881 3.6  0 0 0 0 0 0 0 0 0 0
5.96513 89.324 13.3296 13.2725 2.4993 6.02062 130.788 24 25.7919 4.4 8.4849 106.06 18 17.5974 3.6 7.68729 47.4943 18 19.9256 3.6  0 0 0 0 0
5.96878 81.451 13.332 15.9279 2.49976 5.98529 165.959 24 21.9406 4.4 8.44832 127.213 18 16.5324 3.6 7.6905 102.085 18 15.3953 3.6  0 0 0 0 0
5.95661 63.3023 13.3054 16.7872 2.49476 5.99099 150.78 24 26.498 4.4 7.69008 79.8936 18 19.039 3.6  0 0 0 0 0 0 0 0 0 0
5.96867 75.4812 13.3224 16.6621 2.49795 5.99331 133.574 24 18.5525 4.4 8.46992 119.202 18 19.7519 3.6 7.68611 91.8931 18 14.0545 3.6  0 0 0 0 0
5.95544 85.8157 13.3054 17.8424 2.49477 5.99043 139.69 24 28.3749 4.4 7.68819 87.0643 18 17.1283 3.6  0 0 0 0 0 0 0 0 0 0
5.94893 52.5247 13.3164 13.1083 2.49682 6.01504 117.744 24 22.9645 4.4 8.49422 109.131 18 18.5776 3.6 7.68964 106.607 18 18.4768 3.6  0 0 0 0 0
5.94731 93.1729 13.2995 12.8372 2.49365 6.02177 90.1418 24 28.6604 4.4 7.69015 74.8549 18 25.651 3.6  0 0 0 0 0 0 0 0 0 0
5.94648 56.2888 13.2946 17.7696 2.49274 5.99296 118.634 24 18.093 4.4 7.69044 78.0987 18 18.259 3.6  0 0 0 0 0 0 0 0 0 0
5.94806 77.5681 13.2981 11.2279 2.4934 6.0142 114.524 24 26.1648 4.4 7.6858 68.4033 18 17.149 3.6  0 0 0 0 0 0 0 0 0 0
5.9471 72.1893 13.3136 13.6179 2.49629 5.98543 168.095 24 27.4797 4.4 8.39439 104.7 18 20.3267 3.6 7.68958 95.9814 18 22.6107 3.6  0 0 0 0 0
5.95054 63.4873 13.3098 21.1517 2.49558 5.98783 87.3039 24 24.7797 4.4 8.46251 110.863 18 20.583 3.6 7.68999 76.0464 18 23.9184 3.6  0 0 0 0 0
5.96906 77.4461 13.3215 16.7021 2.49778 6.00875 134.308 24 19.1387 4.4 7.68831 90.0888 18 21.8657 3.6  0 0 0 0 0 0 0 0 0 0
5.96383 85.4969 13.3161 17.6221 2.49677 6.00853 88.648 24 29.1676 4.4 8.50588 97.2648 18 13.3886 3.6 7.68837 101.482 18 18.5796 3.6  0 0 0 0 0
5.96102 89.0871 13.3239 13.1608 2.49823 6.00864 80.6404 24 24.5094 4.4 8.45008 92.1546 18 18.0393 3.6 7.68777 76.9058 18 17.5458 3.6  0 0 0 0 0
5.96603 87.5006 13.3321 12.729 2.49977 6.01642 126.992 24 22.0895 4.4 8.37515 83.7076 18 19.117 3.6 7.69046 93.8555 18 17.512 3.6  0 0 0 0 0
5.95667 91.9222 13.3113 14.3036 2.49586 6.01411 109.08 24 23.8824 4.4 7.68803 107.361 18 15.9672 3.6  0 0 0 0 0 0 0 0 0 0
5.96647 67.1849 13.3286 14.3475 2.49911 6.00536 179.493 24 21.5748 4.4 8.47144 105.882 18 13.5279 3.6 7.68726 80.1457 18 21.5786 3.6  0 0 0 0 0
5.94848 85.3027 13.3084 17.1913 2.49533 6.01813 120.866 24 18.2579 4.4 8.4531 85.6363 18 18.2808 3.6 7.68615 90.9843 18 15.297 3.6  0 0 0 0 0
5.95739 77.8829 13.3257 12.6154 2.49857 6.02142 125.47 24 23.934 4.4 8.35958 94.4101 18 13.4908 3.6 7.69008 112.119 18 14.792 3.6  0 0 0 0 0
5.96584 119.428 13.3263 14.0398 2.49868 5.98525 123.798 24 21.5515 4.4 8.49525 120.111 18 17.6665 3.6 7.69001 85.6745 18 21.2515 3.6  0 0 0 0 0
5.43725 82.0382 13.1826 15.2526 2.47174 5.98701 150.761 24 31.1146 4.4 8.47308 86.9406 18 18.5305 3.6 7.6885 76.1605 18 10.2749 3.6  0 0 0 0 0
5.94894 72.3454 13.3124 17.1927 2.49608 6.02208 45.6194 24 24.5313 4.4 8.36887 85.754 18 20.177 3.6 7.68546 99.3338 18 18.5292 3.6  0 0 0 0 0
5.95391 80.644 13.3203 16.487 2.49757 5.99002 107.069 24 17.7367 4.4 8.45049 70.8005 18 23.5073 3.6 7.68617 79.7484 18 18.5444 3.6  0 0 0 0 0
5.96397 77.6453 13.3172 14.4058 2.49697 6.00578 116.634 24 17.01 4.4 8.4847 91.7244 18 18.5122 3.6 7.68748 75.7805 18 21.3718 3.6  0 0 0 0 0
5.94697 96.4284 13.2958 10.4969 2.49295 6.01144 109.921 24 20.5835 4.4 7.68818 110.242 18 14.8102 3.6  0 0 0 0 0 0 0 0 0 0
5.96849 74.5937 13.3219 15.2316 2.49785 6.02081 112.831 24 20.458 4.4 7.68733 105.343 18 11.7635 3.6  0 0 0 0 0 0 0 0 0 0
5.9484 87.6265 13.2972 15.6345 2.49322 6.01305 102.324 24 21.5428 4.4 7.6902 90.9703 18 24.586 3.6  0 0 0 0 0 0 0 0 0 0
5.43575 96.5412 13.1918 14.5163 2.47346 5.98518 114.864 24 27.8482 4.4 8.37602 89.3604 18 20.3594 3.6 7.68751 86.3536 18 8.13351 3.6  0 0 0 0 0
5.9625 86.1824 13.3121 8.99276 2.49602 6.02138 110.698 24 23.7559 4.4 7.68968 89.3818 18 16.5263 3.6  0 0 0 0 0 0 0 0 0 0
5.94927 83.3437 13.2971 18.2453 2.49321 6.01594 75.3706 24 22.176 4.4 7.68722 100.505 18 15.5366 3.6  0 0 0 0 0 0 0 0 0 0
5.95355 75.3089 13.3003 14.9785 2.4938 5.98557 125.005 24 16.0383 4.4 7.69018 119.851 18 19.1257 3.6  0 0 0 0 0 0 0 0 0 0
5.95119 69.1683 13.3072 13.8969 2.49511 5.98956 124.265 24 18.2034 4.4 8.35832 118.821 18 22.7595 3.6 7.68928 86.8083 18 20.2617 3.6  0 0 0 0 0
5.96806 66.7004 13.3233 14.4121 2.49812 6.02217 119.124 24 24.3495 4.4 7.68706 67.1541 18 17.484 3.6  0 0 0 0 0 0 0 0 0 0
5.95403 81.823 13.3103 14.782 2.49568 5.98524 165.956 24 25.2465 4.4 7.68691 74.5711 18 23.8457 3.6  0 0 0 0 0 0 0 0 0 0
5.95487 88.3114 13.3135 17.7682 2.49627 5.99089 142.669 24 23.8764 4.4 7.6874 73.6937 18 21.6903 3.6  0 0 0 0 0 0 0 0 0 0
5.94942 79.1285 13.3151 15.4959 2.49658 5.98869 114.398 24 21.1884 4.4 8.38813 99.0049 18 18.9299 3.6 7.6893 103.96 18 23.2429 3.6  0 0 0 0 0
5.95896 95.3145 13.3277 15.5635 2.49895 5.99015 110.459 24 18.7602 4.4 8.3552 80.9907 18 16.011 3.6 7.68866 95.7611 18 19.1582 3.6  0 0 0 0 0
5.96907 97.7975 13.3178 17.2499 2.49709 6.01144 125.426 24 26.2058 4.4 7.68802 95.5577 18 15.3438 3.6  0 0 0 0 0 0 0 0 0 0
5.94689 87.3665 13.2937 17.3622 2.49257 6.02248 123.416 24 19.3967 4.4 7.68797 83.8302 18 18.3959 3.6  0 0 0 0 0 0 0 0 0 0
5.95696 65.1933 13.3245 14.236 2.49834 5.98751 108.989 24 21.9184 4.4 8.37589 89.8409 18 17.7401 3.6 7.6887 93.6347 18 15.7009 3.6  0 0 0 0 0
5.95754 96.1609 13.3059 14.4958 2.49486 6.02233 111.786 24 20.1069 4.4 7.68768 113.136 18 14.8296 3.6  0 0 0 0 0 0 0 0 0 0
5.96907 87.3081 13.3186 15.6004 2.49724 5.99983 142.699 24 16.5645 4.4 7.68716 88.5852 18 19.5054 3.6  0 0 0 0 0 0 0 0 0 0
5.96516 73.0007 13.314 11.6534 2.49638 5.98627 51.5885 24 17.2854 4.4 7.68817 83.0698 18 19.2937 3.6  0 0 0 0 0 0 0 0 0 0
5.95932 63.2976 13.3094 15.9903 2.49552 6.00736 110.724 24 18.2613 4.4 7.68959 101.903 18 11.3191 3.6  0 0 0 0 0 0 0 0 0 0
5.95019 96.2338 13.315 9.05664 2.49656 5.98904 136.779 24 20.1701 4.4 8.36273 85.9783 18 16.8093 3.6 7.68768 98.6107 18 16.0031 3.6  0 0 0 0 0
5.96375 76.3593 13.3145 12.3201 2.49646 6.01199 102.373 24 26.1557 4.4 7.68747 113.139 18 18.455 3.6  0 0 0 0 0 0 0 0 0 0
5.96726 110.965 13.3289 15.6943 2.49918 6.02081 118.798 24 20.0691 4.4 8.47646 92.0088 18 14.2533 3.6 7.69055 92.8185 18 21.4354 3.6  0 0 0 0 0
5.96593 68.8585 13.3314 16.917 2.49964 5.99272 136.423 24 22.9325 4.4 8.36098 97.9019 18 17.2671 3.6 7.68791 93.927 18 15.5364 3.6  0 0 0 0 0
5.96546 83.0615 13.3148 12.6848 2.49653 6.01052 102.671 24 32.2511 4.4 7.68737 77.6592 18 19.5849 3.6  0 0 0 0 0 0 0 0 0 0
5.95383 91.0703 13.3104 15.5006 2.49571 6.01459 121.452 24 27.8604 4.4 8.51357 72.2539 18 15.3402 3.6 7.68793 111.122 18 14.5297 3.6  0 0 0 0 0
5.95829 80.723 13.3259 14.1297 2.49861 6.01995 105.564 24 23.5225 4.4 8.37163 102.469 18 19.2736 3.6 7.68868 82.263 18 20.6091 3.6  0 0 0 0 0
5.96206 78.0519 13.3287 16.124 2.49913 5.98517 115.881 24 26.0938 4.4 8.42854 85.1076 18 19.2271 3.6 7.69015 130.451 18 15.5612 3.6  0 0 0 0 0
5.96685 63.2383 13.3333 13.7657 2.49999 5.98787 119.586 24 24.0341 4.4 8.45219 92.8307 18 17.1188 3.6 7.68746 93.7475 18 21.5877 3.6  0 0 0 0 0
5.96109 55.5876 13.3119 18.3944 2.49599 6.02239 128.761 24 14.6981 4.4 7.687 57.4064 18 23.9105 3.6  0 0 0 0 0 0 0 0 0 0
5.96192 79.2385 13.3224 16.0416 2.49794 6.02185 112.498 24 23.3257 4.4 7.68717 115.917 18 16.7376 3.6  0 0 0 0 0 0 0 0 0 0
5.94708 81.8772 13.3088 18.0265 2.49541 6.01381 142.541 24 20.1446 4.4 8.3541 86.7076 18 14.5852 3.6 7.68846 90.5791 18 14.7252 3.6  0 0 0 0 0
5.95794 100.179 13.3236 10.8706 2.49818 5.98531 132.672 24 24.6596 4.4 8.44928 66.5815 18 18.0076 3.6 7.68606 95.2889 18 14.7824 3.6  0 0 0 0 0
5.96426 104.813 13.3316 13.7951 2.49968 6.00195 135.582 24 19.8388 4.4 8.4167 46.4127 18 16.9811 3.6 7.69013 104.377 18 14.7316 3.6  0 0 0 0 0
5.96172 62.2246 13.3132 17.6458 2.49623 5.98507 94.6986 24 22.353 4.4 7.68693 73.7511 18 19.3316 3.6  0 0 0 0 0 0 0 0 0 0
5.9689 57.7827 13.3247 14.0072 2.49838 5.99966 70.8603 24 17.5966 4.4 7.68573 121.448 18 14.5644 3.6  0 0 0 0 0 0 0 0 0 0
5.95336 79.5039 13.3149 11.7494 2.49654 6.00217 143.555 24 29.2009 4.4 8.50458 94.9132 18 21.4242 3.6 7.68902 106.896 18 18.4628 3.6  0 0 0 0 0
5.96769 93.4263 13.3222 15.7393 2.49791 6.01556 103.507 24 27.0139 4.4 7.68854 83.9413 18 18.9633 3.6  0 0 0 0 0 0 0 0 0 0
5.9538 82.4466 13.3102 14.9273 2.49567 5.9963 149.421 24 23.6953 4.4 8.36284 98.4328 18 12.3592 3.6 7.68803 90.3606 18 21.1709 3.6  0 0 0 0 0
5.96192 81.2875 13.3278 14.3302 2.49897 5.98546 101.232 24 28.8836 4.4 8.4939 105.748 18 19.7392 3.6 7.68918 103.768 18 25.3313 3.6  0 0 0 0 0
5.94955 83.096 13.316 17.0971 2.49675 6.02159 139.889 24 24.7289 4.4 8.3655 81.7476 18 17.0871 3.6 7.69029 134.372 18 18.0599 3.6  0 0 0 0 0
5.94753 75.734 13.2959 10.8001 2.49298 5.99845 137.718 24 18.6274 4.4 7.68684 77.0708 18 15.4005 3.6  0 0 0 0 0 0 0 0 0 0
5.95143 84.3309 13.2995 11.5288 2.49366 5.99732 130.954 24 17.442 4.4 7.6867 68.8892 18 19.1674 3.6  0 0 0 0 0 0 0 0 0 0
5.96799 84.2912 13.3314 12.8543 2.49964 6.01231 148.592 24 21.6047 4.4 8.41082 101.07 18 15.7277 3.6 7.68759 89.9273 18 18.8006 3.6  0 0 0 0 0
5.94669 74.4904 13.2953 17.3801 2.49286 6.01157 154.31 24 22.309 4.4 7.68641 78.1803 18 18.1853 3.6  0 0 0 0 0 0 0 0 0 0
5.9682 79.9086 13.3225 20.5529 2.49797 6.02065 168.365 24 21.673 4.4 8.50709 91.7793 18 19.0322 3.6 7.68673 57.4308 18 19.5852 3.6  0 0 0 0 0
5.95793 80.121 13.3074 10.8906 2.49513 5.99675 120.148 24 28.0394 4.4 7.68776 103.101 18 18.3354 3.6  0 0 0 0 0 0 0 0 0 0
5.94987 75.7097 13.3158 15.0734 2.49671 5.99189 103.405 24 14.674 4.4 8.42801 111.025 18 16.4167 3.6 7.68595 79.6206 18 19.7296 3.6  0 0 0 0 0
5.96172 104.233 13.3227 14.3033 2.49801 5.99687 74.047 24 16.1674 4.4 8.45166 91.8133 18 15.9081 3.6 7.68654 89.7003 18 23.0439 3.6  0 0 0 0 0
5.94819 74.8269 13.3106 13.1313 2.49574 5.98614 103.39 24 25.5067 4.4 8.4685 97.0233 18 16.3867 3.6 7.68792 94.8462 18 21.6248 3.6  0 0 0 0 0
5.94908 49.3681 13.3068 15.8384 2.49503 6.018 89.1389 24 22.8233 4.4 8.47316 85.5084 18 21.9108 3.6 7.68794 73.3925 18 16.539 3.6  0 0 0 0 0
5.94668 74.4746 13.2996 17.1198 2.49367 6.00391 82.43 24 16.8275 4.4 8.49207 93.4103 18 23.4809 3.6 7.68675 103.017 18 19.1299 3.6  0 0 0 0 0
5.96221 86.3356 13.3301 18.0813 2.49939 6.01928 176.315 24 24.4183 4.4 8.37465 104.856 18 14.2819 3.6 7.68867 70.0195 18 14.1631 3.6  0 0 0 0 0
5.9483 98.3751 13.3024 17.0964 2.4942 6.00455 103.085 24 15.8033 4.4 8.47439 111.527 18 15.0462 3.6 7.6866 78.7292 18 24.1593 3.6  0 0 0 0 0
5.96766 88.3378 13.3198 17.2234 2.49746 5.99007 75.6958 24 19.2874 4.4 7.68666 130.49 18 14.3008 3.6  0 0 0 0 0 0 0 0 0 0
5.94703 87.3348 13.308 10.2438 2.49524 5.99293 153.468 24 16.566 4.4 8.35788 100.626 18 20.4912 3.6 7.68703 111.144 18 21.5614 3.6  0 0 0 0 0
5.96805 75.1385 13.3299 18.3532 2.49935 5.99484 89.7036 24 19.5795 4.4 8.39671 71.7459 18 15.7612 3.6 7.68908 91.6876 18 19.0006 3.6  0 0 0 0 0
5.94926 77.6346 13.2996 11.4314 2.49368 5.99372 50.4592 24 17.4713 4.4 7.6874 115.841 18 13.9476 3.6  0 0 0 0 0 0 0 0 0 0
5.96038 86.856 13.3104 12.0613 2.49571 6.01909 134.368 24 19.3231 4.4 7.68656 104.717 18 25.5673 3.6  0 0 0 0 0 0 0 0 0 0
5.95336 60.277 13.3173 18.033 2.497 6.00723 127.861 24 22.7218 4.4 8.42107 93.5762 18 19.0384 3.6 7.68837 90.3602 18 18.0777 3.6  0 0 0 0 0
5.95249 74.7787 13.3182 16.2893 2.49717 5.98732 145.938 24 26.7217 4.4 8.36111 78.4546 18 17.6718 3.6 7.68975 78.6192 18 19.5526 3.6  0 0 0 0 0
5.96869 67.902 13.3354 8.65451 2.50039 5.98546 131.67 24 21.4475 4.4 8.45765 75.4347 18 22.355 3.6 7.68855 93.9302 18 16.8456 3.6  0 0 0 0 0
5.9618 84.7719 13.31 16.3776 2.49562 5.98566 106.085 24 25.0997 4.4 7.68739 92.9591 18 15.5265 3.6  0 0 0 0 0 0 0 0 0 0
5.96553 79.4993 13.3241 20.619 2.49826 5.99681 145.662 24 22.4925 4.4 7.68696 98.2477 18 13.8762 3.6  0 0 0 0 0 0 0 0 0 0
5.95775 77.5684 13.3211 16.7302 2.49771 5.98912 137.949 24 17.441 4.4 8.462 92.8557 18 13.718 3.6 7.68802 90.6579 18 11.8367 3.6  0 0 0 0 0
5.9643 64.7909 13.3316 17.7858 2.49968 5.98522 171.081 24 23.5363 4.4 8.45197 111.667 18 18.5011 3.6 7.68537 104.198 18 9.89709 3.6  0 0 0 0 0
5.95837 79.1609 13.3139 14.7134 2.49636 6.00693 135.888 24 33.5808 4.4 8.44722 107.851 18 13.7661 3.6 7.68618 83.2969 18 16.2922 3.6  0 0 0 0 0
5.9608 56.8354 13.3239 9.54057 2.49823 5.98899 101.679 24 21.7065 4.4 8.45998 114.11 18 17.7407 3.6 7.68878 95.3166 18 19.1583 3.6  0 0 0 0 0
5.94656 86.6519 13.3025 17.1058 2.49422 5.98554 118.166 24 27.2913 4.4 8.36424 88.4563 18 23.8386 3.6 7.68695 106.25 18 19.9357 3.6  0 0 0 0 0
5.95822 66.7613 13.3224 12.6903 2.49794 6.01083 128.896 24 17.3959 4.4 8.44924 81.1197 18 19.9349 3.6 7.68565 71.9589 18 22.012 3.6  0 0 0 0 0
5.95888 58.4505 13.3159 14.7545 2.49673 6.00909 147.953 24 19.6953 4.4 7.68667 70.4001 18 17.7006 3.6  0 0 0 0 0 0 0 0 0 0
5.95395 80.3834 13.3086 11.7458 2.49537 5.98548 112.402 24 22.5339 4.4 7.68863 70.3584 18 18.9817 3.6  0 0 0 0 0 0 0 0 0 0
5.96867 83.9521 13.3276 17.4323 2.49893 5.98756 131.336 24 17.879 4.4 7.68924 124.321 18 19.7537 3.6  0 0 0 0 0 0 0 0 0 0
5.96727 70.033 13.3167 16.2266 2.49688 6.01759 126.395 24 24.3067 4.4 7.6873 119.347 18 14.9478 3.6  0 0 0 0 0 0 0 0 0 0
5.95792 56.5351 13.3143 12.0781 2.49642 6.00745 127.587 24 23.2524 4.4 7.68772 96.1392 18 21.4541 3.6  0 0 0 0 0 0 0 0 0 0
5.95169 98.4676 13.3194 11.986 2.49739 6.0178 135.173 24 25.8509 4.4 8.35679 97.8981 18 22.4262 3.6 7.68996 43.5631 18 22.1515 3.6  0 0 0 0 0
5.96454 79.6945 13.3313 13.0042 2.49961 5.9854 125.588 24 26.7953 4.4 8.45797 112.764 18 21.454 3.6 7.68781 69.892 18 20.6432 3.6  0 0 0 0 0
5.95672 66.4804 13.3072 15.3902 2.49509 5.9935 129.168 24 22.732 4.4 7.68747 104.783 18 19.5568 3.6  0 0 0 0 0 0 0 0 0 0
5.96863 70.7732 13.3372 17.3166 2.50072 6.01104 99.2286 24 25.1715 4.4 8.37358 92.3043 18 12.9857 3.6 7.688 110.921 18 16.4745 3.6  0 0 0 0 0
5.95956 78.6453 13.3091 19.9499 2.49545 5.98519 112.989 24 22.9551 4.4 7.68764 95.0997 18 16.4376 3.6  0 0 0 0 0 0 0 0 0 0
5.96621 82.5926 13.3171 16.761 2.49695 6.00457 141.445 24 26.9691 4.4 7.68646 87.9343 18 21.6598 3.6  0 0 0 0 0 0 0 0 0 0
5.9464 81.0358 13.2965 15.1999 2.49309 6.00683 116.802 24 19.9944 4.4 7.68949 85.8796 18 15.9946 3.6  0 0 0 0 0 0 0 0 0 0
5.96678 95.0275 13.3351 15.78 2.50034 5.98698 150.005 24 20.161 4.4 8.35638 95.3068 18 21.3639 3.6 7.68653 120.662 18 19.0109 3.6  0 0 0 0 0
5.95194 86.5834 13.3002 13.1872 2.49379 5.99343 128.752 24 19.3529 4.4 7.68579 99.7005 18 13.3305 3.6  0 0 0 0 0 0 0 0 0 0
5.96195 87.0462 13.3097 14.7785 2.49557 5.98571 105.649 24 21.5597 4.4 7.68596 104.475 18 21.251 3.6  0 0 0 0 0 0 0 0 0 0
5.94969 78.1206 13.2962 14.3376 2.49303 6.0214 139.734 24 27.0979 4.4 7.68785 76.4026 18 16.5756 3.6  0 0 0 0 0 0 0 0 0 0
5.95342 67.5421 13.3112 11.3611 2.49586 6.00103 133.994 24 21.2826 4.4 8.51784 105.825 18 23.3259 3.6 7.68903 73.5848 18 21.8907 3.6  0 0 0 0 0
5.95596 53.8179 13.3059 12.36 2.49485 6.02235 136.728 24 18.8827 4.4 7.68683 99.5658 18 20.406 3.6  0 0 0 0 0 0 0 0 0 0
5.95476 74.6807 13.3134 17.4067 2.49626 6.01045 97.0377 24 18.7176 4.4 8.50702 80.9633 18 19.1337 3.6 7.68602 94.5492 18 22.6984 3.6  0 0 0 0 0
5.94806 91.5794 13.3105 14.2362 2.49573 5.98685 142.982 24 23.0807 4.4 8.45988 83.8241 18 12.6348 3.6 7.68846 96.6281 18 17.6534 3.6  0 0 0 0 0
5.9496 70.3412 13.3019 12.5625 2.4941 6.01495 126.448 24 17.1429 4.4 8.47246 109.593 18 18.0073 3.6 7.68827 107.787 18 14.8473 3.6  0 0 0 0 0
5.94669 70.6001 13.2943 14.9205 2.49268 6.00172 134.892 24 14.5715 4.4 7.6872 127.721 18 15.043 3.6  0 0 0 0 0 0 0 0 0 0
5.95027 87.4503 13.2977 17.4533 2.49332 6.01351 132.271 24 27.7503 4.4 7.69009 112.262 18 18.7089 3.6  0 0 0 0 0 0 0 0 0 0
5.96766 54.9241 13.3238 15.5184 2.49822 5.9856 160.558 24 24.9523 4.4 7.69026 86.329 18 16.4093 3.6  0 0 0 0 0 0 0 0 0 0
5.95503 67.6334 13.3206 12.9001 2.49761 6.01817 108.831 24 23.3546 4.4 8.38298 105.2 18 19.1282 3.6 7.68837 94.4521 18 13.8145 3.6  0 0 0 0 0
5.96621 63.1334 13.32 17.202 2.4975 6.0057 152.983 24 20.8486 4.4 7.68841 100.204 18 18.1423 3.6  0 0 0 0 0 0 0 0 0 0
5.94794 117.202 13.3122 12.1046 2.49604 5.98712 121.745 24 24.6494 4.4 8.46154 72.5567 18 16.0585 3.6 7.68596 62.533 18 19.5896 3.6  0 0 0 0 0
5.94775 99.8523 13.301 15.775 2.49394 6.01269 81.7803 24 23.4982 4.4 8.44966 117.627 18 24.1125 3.6 7.68807 72.5255 18 19.1445 3.6  0 0 0 0 0
5.96475 70.1835 13.3263 19.0477 2.49868 5.98737 141.817 24 21.6684 4.4 8.39038 91.9335 18 16.2212 3.6 7.68802 144.712 18 9.56176 3.6  0 0 0 0 0
5.95735 100.103 13.3104 10.0276 2.4957 5.98847 146.55 24 10.9918 4.4 8.40362 99.3425 18 16.5236 3.6 7.68755 70.1527 18 17.4544 3.6  0 0 0 0 0
5.95727 91.6863 13.3205 12.9704 2.49759 6.02124 152.309 24 23.2299 4.4 8.46909 84.2632 18 16.7279 3.6 7.68965 86.9043 18 15.3582 3.6  0 0 0 0 0
5.95939 69.7555 13.3094 15.4659 2.49551 6.02224 126.468 24 27.4299 4.4 7.6865 92.5771 18 17.5074 3.6  0 0 0 0 0 0 0 0 0 0
5.95392 68.7158 13.3222 12.6018 2.49791 5.98506 153.864 24 25.4023 4.4 8.37858 72.385 18 21.8396 3.6 7.68986 70.6691 18 15.8413 3.6  0 0 0 0 0
5.95355 100.852 13.3015 13.442 2.49403 5.9851 116.075 24 20.9164 4.4 7.68838 118.057 18 17.3387 3.6  0 0 0 0 0 0 0 0 0 0
5.9463 101.812 13.3099 13.7946 2.49561 6.01525 143.976 24 23.7963 4.4 8.40095 93.4632 18 18.3051 3.6 7.68635 122.61 18 18.0612 3.6  0 0 0 0 0
5.96849 106.993 13.3195 14.4916 2.4974 6.01457 195.32 24 8.08074 4.4 7.68604 59.0755 18 24.2791 3.6  0 0 0 0 0 0 0 0 0 0
5.95078 74.119 13.2989 14.2598 2.49354 6.02168 115.918 24 19.0979 4.4 7.68668 68.5323 18 15.4283 3.6  0 0 0 0 0 0 0 0 0 0
5.95022 75.0964 13.3093 15.1435 2.4955 5.99756 133.702 24 26.2511 4.4 8.35498 107.162 18 17.1822 3.6 7.68617 101.62 18 20.6118 3.6  0 0 0 0 0
5.96434 72.4945 13.3253 20.3805 2.49849 5.99126 124.084 24 19.2847 4.4 8.51069 91.6898 18 14.9956 3.6 7.68773 99.8093 18 18.1743 3.6  0 0 0 0 0
5.94795 71.5476 13.2982 12.2286 2.49341 6.01923 169.625 24 23.126 4.4 8.5161 91.6568 18 22.2379 3.6 7.68735 112.761 18 18.849 3.6  0 0 0 0 0
5.96165 87.9722 13.3222 17.5278 2.49791 6.00972 120.733 24 19.4616 4.4 8.452 106.887 18 14.9092 3.6 7.68835 108.215 18 17.8272 3.6  0 0 0 0 0
5.96902 74.1453 13.3305 16.1727 2.49946 5.99079 132.946 24 29.6307 4.4 8.39633 104.585 18 16.0963 3.6 7.68774 115.189 18 20.365 3.6  0 0 0 0 0
5.96559 62.8063 13.3238 14.1279 2.4982 5.99503 83.8426 24 18.5257 4.4 7.68718 84.3631 18 18.133 3.6  0 0 0 0 0 0 0 0 0 0
5.94638 72.3076 13.2958 21.0563 2.49295 5.99808 112.68 24 18.7146 4.4 7.68815 78.8751 18 20.1862 3.6  0 0 0 0 0 0 0 0 0 0
5.96885 94.7137 13.326 14.5074 2.49862 5.98514 104.083 24 20.938 4.4 8.50537 107.349 18 19.5685 3.6 7.68778 102.694 18 19.5851 3.6  0 0 0 0 0
5.95948 86.1013 13.324 15.4379 2.49825 6.01342 120.271 24 23.067 4.4 8.45297 88.6654 18 19.9746 3.6 7.68705 82.7274 18 20.6006 3.6  0 0 0 0 0
5.96622 82.1056 13.315 12.4485 2.49657 5.99829 160.923 24 23.8275 4.4 7.68778 110.183 18 21.4733 3.6  0 0 0 0 0 0 0 0 0 0
5.96848 74.7404 13.3311 17.1628 2.49957 5.99373 118.543 24 24.6012 4.4 8.36433 110.257 18 22.4521 3.6 7.68747 106.096 18 22.2766 3.6  0 0 0 0 0
5.94634 51.9644 13.2933 15.5687 2.49249 6.01952 142.202 24 22.9189 4.4 7.68823 106.413 18 19.5051 3.6  0 0 0 0 0 0 0 0 0 0
5.9532 72.4442 13.3155 13.4277 2.49665 6.00139 184.854 24 34.6131 4.4 8.3771 106.129 18 19.5264 3.6 7.68687 77.9781 18 21.8 3.6  0 0 0 0 0
5.95376 69.9464 13.3042 13.6068 2.49454 5.98763 168.676 24 24.3353 4.4 7.68731 98.9631 18 17.9538 3.6  0 0 0 0 0 0 0 0 0 0
5.9548 83.5476 13.3104 14.8754 2.49571 5.98899 126.046 24 24.2617 4.4 7.68701 101.068 18 20.4255 3.6  0 0 0 0 0 0 0 0 0 0
5.95676 67.4827 13.3179 17.0815 2.4971 5.98499 118.292 24 22.6975 4.4 8.48977 80.9538 18 18.2056 3.6 7.68581 75.9218 18 4.57861 3.6  0 0 0 0 0
5.95119 71.5751 13.2996 13.4493 2.49367 6.00746 133.816 24 28.7293 4.4 7.68627 90.3347 18 14.4127 3.6  0 0 0 0 0 0 0 0 0 0
5.96766 71.8296 13.3232 18.7352 2.4981 6.0213 144.057 24 23.7733 4.4 7.68787 79.7991 18 21.9582 3.6  0 0 0 0 0 0 0 0 0 0
5.9662 92.853 13.3353 11.6875 2.50036 5.99027 104.11 24 23.4114 4.4 8.36236 106.369 18 18.9977 3.6 7.68843 67.7802 18 14.8519 3.6  0 0 0 0 0
5.95855 62.3329 13.3254 12.6544 2.49851 5.98503 142.205 24 23.1642 4.4 8.42437 114.028 18 16.9946 3.6 7.68989 69.3896 18 18.6465 3.6  0 0 0 0 0
5.43618 68.6057 13.169 12.3673 2.46918 5.99166 137.691 24 23.1382 4.4 8.48694 73.9532 18 23.1523 3.6 7.68645 90.55 18 16.8241 3.6  0 0 0 0 0
5.94837 81.3097 13.3088 19.2462 2.49539 5.98561 83.1331 24 23.6488 4.4 8.35397 114.963 18 20.5426 3.6 7.68725 106.756 18 15.2991 3.6  0 0 0 0 0
5.95248 70.3904 13.3149 12.1026 2.49655 5.98772 108.853 24 25.0409 4.4 8.48461 90.8001 18 27.3588 3.6 7.68787 86.7598 18 12.5409 3.6  0 0 0 0 0
5.95492 82.6203 13.3192 16.6131 2.49734 5.9927 109.987 24 23.6455 4.4 8.4516 106.358 18 17.8034 3.6 7.68586 92.1841 18 13.5184 3.6  0 0 0 0 0
5.96811 74.7978 13.3162 16.8429 2.49679 6.02081 147.844 24 24.3929 4.4 7.68669 85.3053 18 17.0641 3.6  0 0 0 0 0 0 0 0 0 0
5.94655 95.4968 13.3021 13.0141 2.49415 6.0119 99.3383 24 22.2904 4.4 7.68979 74.6911 18 28.6144 3.6  0 0 0 0 0 0 0 0 0 0
5.96413 71.5255 13.3268 17.6467 2.49878 6.01275 110.242 24 20.2564 4.4 8.45811 88.9714 18 14.791 3.6 7.68961 75.4878 18 16.1057 3.6  0 0 0 0 0
5.95098 93.4532 13.317 10.5725 2.49693 5.99007 74.1524 24 22.1201 4.4 8.44747 92.2708 18 26.6851 3.6 7.68835 108.975 18 22.1826 3.6  0 0 0 0 0
5.94723 73.5139 13.2953 17.1574 2.49288 5.99409 125.169 24 24.8315 4.4 7.68989 80.7627 18 19.455 3.6  0 0 0 0 0 0 0 0 0 0
5.95278 75.8035 13.3133 13.764 2.49625 5.99348 144.188 24 18.977 4.4 7.68632 102.92 18 20.0256 3.6  0 0 0 0 0 0 0 0 0 0
5.96442 77.3992 13.3182 12.2891 2.49716 6.01692 110.528 24 20.6203 4.4 7.68635 86.538 18 21.0202 3.6  0 0 0 0 0 0 0 0 0 0
5.96047 58.3119 13.312 16.5273 2.49599 6.02128 110.484 24 20.9838 4.4 7.68822 77.9818 18 21.2868 3.6  0 0 0 0 0 0 0 0 0 0
5.96053 88.9282 13.31 18.1359 2.49563 6.02163 150.384 24 29.1084 4.4 7.6877 108.475 18 22.1125 3.6  0 0 0 0 0 0 0 0 0 0
5.96667 84.5069 13.3195 13.4617 2.49742 5.98897 128.432 24 27.3726 4.4 7.6891 92.2346 18 18.464 3.6  0 0 0 0 0 0 0 0 0 0
5.94651 88.3839 13.3103 17.996 2.49568 5.99956 75.6917 24 24.423 4.4 8.49099 102.764 18 23.9979 3.6 7.68842 130.421 18 18.5003 3.6  0 0 0 0 0
5.95309 100.21 13.3044 16.2787 2.49458 6.00242 94.5437 24 24.3752 4.4 7.68796 95.8602 18 23.8813 3.6  0 0 0 0 0 0 0 0 0 0
5.96022 86.0872 13.3143 12.2188 2.49643 5.98538 71.8027 24 22.0113 4.4 8.49375 92.4486 18 20.2776 3.6 7.68699 89.5996 18 13.6129 3.6  0 0 0 0 0
5.96465 93.4001 13.3131 17.721 2.49621 6.02 106.345 24 17.2684 4.4 7.68952 87.0647 18 17.0238 3.6  0 0 0 0 0 0 0 0 0 0
5.4378 70.3265 13.1961 14.8834 2.47426 5.987 139.458 24 21.7345 4.4 8.49308 96.0915 18 14.4904 3.6 7.68666 97.7242 18 18.1956 3.6  0 0 0 0 0
5.96119 84.9955 13.3106 13.1787 2.49573 6.00678 133.169 24 22.3704 4.4 7.6887 101.918 18 19.3309 3.6  0 0 0 0 0 0 0 0 0 0
5.94675 97.7736 13.3123 16.3077 2.49606 5.98645 117.272 24 25.5717 4.4 8.47289 102.847 18 19.5069 3.6 7.68642 102.399 18 14.4616 3.6  0 0 0 0 0
5.94881 103.993 13.2959 14.3265 2.49299 6.01493 72.6276 24 19.9716 4.4 7.6867 68.3767 18 19.5755 3.6  0 0 0 0 0 0 0 0 0 0
5.95064 70.9676 13.3015 14.8445 2.49403 6.01709 108.812 24 25.2451 4.4 7.68735 107.93 18 27.2203 3.6  0 0 0 0 0 0 0 0 0 0
5.9465 67.2056 13.3 11.9154 2.49376 6.02169 126.389 24 24.1828 4.4 7.68842 104.609 18 21.4982 3.6  0 0 0 0 0 0 0 0 0 0
5.95522 84.4713 13.319 10.9411 2.49731 6.0117 123.259 24 22.3154 4.4 8.42697 73.2625 18 19.9223 3.6 7.68925 109.028 18 15.5561 3.6  0 0 0 0 0
5.94687 86.6879 13.3137 17.5765 2.49632 5.98529 150.928 24 23.0853 4.4 8.3981 93.4836 18 10.1911 3.6 7.68625 96.4121 18 18.0541 3.6  0 0 0 0 0
5.96406 82.8425 13.3309 18.6697 2.49954 5.98716 112.493 24 17.0979 4.4 8.36057 98.9597 18 19.6466 3.6 7.68776 79.0948 18 27.3737 3.6  0 0 0 0 0
5.95743 96.7283 13.3067 15.8309 2.49501 6.02192 130.752 24 22.2403 4.4 7.68787 112.997 18 22.4219 3.6  0 0 0 0 0 0 0 0 0 0
5.95235 64.3002 13.3172 16.0533 2.49697 5.98523 99.273 24 25.9984 4.4 8.49206 62.6139 18 19.0804 3.6 7.68773 101.393 18 21.3667 3.6  0 0 0 0 0
5.95486 81.1506 13.323 14.546 2.49806 5.98953 132.461 24 27.2264 4.4 8.35842 118.456 18 13.4761 3.6 7.68703 97.3268 18 15.2597 3.6  0 0 0 0 0
5.96575 52.0868 13.3261 20.8055 2.49864 6.0055 110.155 24 25.6514 4.4 8.47502 107.567 18 16.2808 3.6 7.68981 82.2893 18 11.1368 3.6  0 0 0 0 0
5.94856 97.4024 13.3129 15.6601 2.49617 5.99373 96.8622 24 25.4039 4.4 8.48887 96.6964 18 21.9796 3.6 7.68949 76.8588 18 10.2158 3.6  0 0 0 0 0
5.96779 79.1032 13.3236 17.379 2.49818 6.01921 134.004 24 27.5196 4.4 8.44069 85.2432 18 22.0806 3.6 7.68749 100.602 18 18.644 3.6  0 0 0 0 0
5.96724 44.6374 13.3291 13.3195 2.49921 6.01573 136.151 24 23.149 4.4 8.47695 86.7819 18 15.4899 3.6 7.68681 84.8552 18 14.3706 3.6  0 0 0 0 0
5.9646 66.722 13.3328 14.8979 2.4999 6.02015 73.5581 24 27.4707 4.4 8.36948 87.4288 18 19.4112 3.6 7.688 136.624 18 17.5775 3.6  0 0 0 0 0
5.94738 39.7288 13.3087 12.1771 2.49538 5.98571 116.958 24 9.55099 4.4 8.36787 99.0068 18 14.9098 3.6 7.68743 57.1365 18 11.6406 3.6  0 0 0 0 0
5.96769 76.4072 13.3281 17.7914 2.49902 6.02162 138.977 24 19.6722 4.4 8.49963 96.3324 18 12.6835 3.6 7.68721 91.7363 18 20.371 3.6  0 0 0 0 0
5.94813 72.0718 13.2954 17.9421 2.49289 5.99033 149.192 24 21.0907 4.4 7.68576 65.4498 18 16.9566 3.6  0 0 0 0 0 0 0 0 0 0
5.95654 52.9192 13.3129 14.4343 2.49617 5.98616 124.785 24 23.0545 4.4 8.37237 80.4176 18 19.9978 3.6 7.68707 46.1979 18 18.5254 3.6  0 0 0 0 0
5.948 75.916 13.3129 13.6629 2.49616 6.01875 109.4 24 14.6702 4.4 8.36877 89.0986 18 13.637 3.6 7.68751 114.324 18 17.4808 3.6  0 0 0 0 0
5.96824 76.1206 13.3188 15.7417 2.49728 6.02174 105.163 24 22.5043 4.4 7.68819 59.8032 18 13.635 3.6  0 0 0 0 0 0 0 0 0 0
5.96836 96.2313 13.328 12.4513 2.49901 6.01806 104.639 24 24.6081 4.4 8.48646 76.462 18 14.755 3.6 7.6877 80.9573 18 14.6755 3.6  0 0 0 0 0
5.9681 96.854 13.3333 14.1867 2.5 5.98527 122.542 24 27.7899 4.4 8.42458 76.2165 18 14.692 3.6 7.68803 95.8498 18 23.8249 3.6  0 0 0 0 0
5.95867 104.579 13.3252 11.8235 2.49848 5.9856 132.456 24 19.2765 4.4 8.36135 82.4147 18 14.6251 3.6 7.68961 100.601 18 12.1328 3.6  0 0 0 0 0
5.94893 64.578 13.3116 12.6246 2.49593 5.98507 112.157 24 16.9755 4.4 8.475 51.2528 18 18.2479 3.6 7.68982 103.43 18 19.3814 3.6  0 0 0 0 0
5.96516 80.6953 13.3136 13.357 2.49631 6.0151 98.8394 24 15.4325 4.4 7.68634 110.746 18 22.8062 3.6  0 0 0 0 0 0 0 0 0 0
5.9688 86.7136 13.3223 12.4559 2.49793 5.98873 146.38 24 25.3008 4.4 7.68631 82.3188 18 13.1955 3.6  0 0 0 0 0 0 0 0 0 0
5.43643 88.1857 13.1792 15.1055 2.4711 6.0047 156.031 24 27.3986 4.4 8.48438 70.4226 18 8.25454 3.6 7.68744 63.5206 18 18.4204 3.6  0 0 0 0 0
5.9469 85.999 13.3139 17.9324 2.49635 5.98603 145.159 24 16.1904 4.4 8.38764 77.2713 18 17.5185 3.6 7.68702 74.9658 18 17.16 3.6  0 0 0 0 0
5.95704 105.439 13.3062 17.7969 2.49491 6.01909 102.811 24 28.4827 4.4 7.68745 63.9717 18 19.7061 3.6  0 0 0 0 0 0 0 0 0 0
5.96446 95.5799 13.3179 10.8497 2.49711 5.98503 117.497 24 22.2627 4.4 8.50718 79.4936 18 18.1907 3.6 7.68602 107.017 18 13.2956 3.6  0 0 0 0 0
5.94828 69.3642 13.3004 13.1342 2.49382 5.98567 119.582 24 24.6136 4.4 8.46063 101.065 18 18.0781 3.6 7.68697 110.938 18 26.1422 3.6  0 0 0 0 0
5.96851 75.7072 13.3173 17.4769 2.49699 6.02158 115.661 24 20.1071 4.4 7.68949 120.912 18 16.0142 3.6  0 0 0 0 0 0 0 0 0 0
5.9468 76.0195 13.3007 16.9381 2.49388 6.01296 90.4652 24 18.0151 4.4 8.38136 84.3817 18 19.9584 3.6 7.68669 79.2344 18 14.4446 3.6  0 0 0 0 0
5.9472 108.857 13.2945 17.2295 2.49272 6.01694 154.735 24 24.7189 4.4 7.68755 88.3503 18 12.3655 3.6  0 0 0 0 0 0 0 0 0 0
5.94666 78.4838 13.2948 16.6182 2.49278 6.02154 136.638 24 27.3958 4.4 7.68974 92.1167 18 9.15717 3.6  0 0 0 0 0 0 0 0 0 0
5.9507 72.009 13.318 14.3232 2.49712 5.98523 111.403 24 24.308 4.4 8.35722 54.3729 18 19.8811 3.6 7.68803 85.8334 18 22.4126 3.6  0 0 0 0 0
5.94935 91.8237 13.3163 16.439 2.4968 6.00786 166.429 24 15.464 4.4 8.36277 94.8755 18 22.679 3.6 7.68679 104.662 18 13.0382 3.6  0 0 0 0 0
5.96726 68.9706 13.3287 10.2308 2.49913 6.00451 129.94 24 30.0796 4.4 8.48293 90.4532 18 24.7486 3.6 7.68707 74.2839 18 19.12 3.6  0 0 0 0 0
5.95081 77.4497 13.3148 13.4073 2.49653 5.98531 161.476 24 24.2707 4.4 8.46719 100.916 18 13.1863 3.6 7.68668 98.7361 18 16.7699 3.6  0 0 0 0 0
5.9562 83.7552 13.3048 14.5205 2.49466 6.0215 154.309 24 18.5597 4.4 7.68902 81.3106 18 19.2291 3.6  0 0 0 0 0 0 0 0 0 0
5.95253 53.1123 13.2993 14.5584 2.49362 6.02147 121.742 24 26.4733 4.4 7.68931 57.7905 18 15.5008 3.6  0 0 0 0 0 0 0 0 0 0
5.95542 71.6933 13.32 16.5217 2.4975 6.00099 146.6 24 20.7093 4.4 8.47153 77.8227 18 22.2976 3.6 7.68615 79.4376 18 16.4 3.6  0 0 0 0 0
5.9624 53.5725 13.3307 14.3282 2.49951 5.99755 104.621 24 31.7233 4.4 8.46294 96.4249 18 23.1134 3.6 7.68761 59.3965 18 17.1805 3.6  0 0 0 0 0
5.95323 71.8347 13.3107 17.8461 2.49576 5.99389 126.206 24 20.2211 4.4 8.49788 93.3501 18 21.8617 3.6 7.68566 82.4737 18 18.8382 3.6  0 0 0 0 0
5.95329 77.4848 13.3034 17.0129 2.49439 6.01565 114.477 24 30.0595 4.4 7.68839 128.611 18 15.693 3.6  0 0 0 0 0 0 0 0 0 0
5.94815 92.5196 13.307 11.6836 2.49505 5.98908 99.9756 24 20.4775 4.4 8.453 114.184 18 18.3475 3.6 7.68696 58.7036 18 16.8401 3.6  0 0 0 0 0
5.9624 106.193 13.3286 19.5879 2.49911 5.99883 93.5568 24 21.8246 4.4 8.44044 108.583 18 15.7604 3.6 7.68873 98.5122 18 18.9994 3.6  0 0 0 0 0
5.95872 66.628 13.326 12.6957 2.49862 5.99794 88.4863 24 20.2916 4.4 8.37822 93.9778 18 21.0891 3.6 7.68923 88.7619 18 19.2173 3.6  0 0 0 0 0
5.96874 74.5425 13.3231 13.0729 2.49808 5.9876 165.537 24 20.479 4.4 7.68908 53.3662 18 15.2693 3.6  0 0 0 0 0 0 0 0 0 0
5.95743 63.3397 13.3256 13.2216 2.49854 5.98514 130.192 24 26.2063 4.4 8.3882 102.617 18 20.4909 3.6 7.68745 79.5734 18 18.0714 3.6  0 0 0 0 0
5.96204 69.6204 13.3249 14.8718 2.49843 6.00139 112.232 24 26.3491 4.4 8.47363 106.78 18 19.807 3.6 7.68722 84.4211 18 15.8405 3.6  0 0 0 0 0
5.95499 77.889 13.3054 16.631 2.49477 6.02133 138.866 24 19.4785 4.4 7.68606 108.897 18 13.2438 3.6  0 0 0 0 0 0 0 0 0 0
5.94834 63.6081 13.2983 18.0556 2.49342 5.98966 108.418 24 17.4868 4.4 7.68663 70.4087 18 17.887 3.6  0 0 0 0 0 0 0 0 0 0
5.95506 86.1524 13.3182 14.5155 2.49717 5.98935 160.895 24 17.4863 4.4 8.38331 79.9594 18 20.7283 3.6 7.68713 114.754 18 17.8171 3.6  0 0 0 0 0
5.95629 87.1705 13.3153 15.241 2.49662 5.98661 117.844 24 20.7391 4.4 8.39553 114.937 18 20.5714 3.6 7.68911 108.861 18 17.5146 3.6  0 0 0 0 0
5.95654 52.7164 13.3069 17.49 2.49504 6.01844 103.522 24 16.8679 4.4 7.68762 86.4864 18 21.9241 3.6  0 0 0 0 0 0 0 0 0 0
5.96778 81.9391 13.3269 15.7763 2.4988 6.01189 139.435 24 30.5917 4.4 8.4695 61.0404 18 16.7681 3.6 7.68988 101.839 18 18.4605 3.6  0 0 0 0 0
5.94759 81.8454 13.2944 12.5653 2.4927 5.98535 136.016 24 22.5721 4.4 7.68694 74.2672 18 13.1493 3.6  0 0 0 0 0 0 0 0 0 0
5.96288 79.0303 13.3289 10.9007 2.49916 5.9855 128.95 24 24.8546 4.4 8.45619 93.3368 18 12.845 3.6 7.68836 98.8736 18 22.6556 3.6  0 0 0 0 0
5.9521 79.3198 13.3116 18.4917 2.49592 5.99462 133.664 24 18.2894 4.4 8.45782 95.2971 18 15.3984 3.6 7.68606 92.8362 18 14.6839 3.6  0 0 0 0 0
5.94664 82.8941 13.3006 15.5085 2.49385 5.99024 109.976 24 23.3441 4.4 8.47212 80.5662 18 14.111 3.6 7.68716 64.4351 18 24.3816 3.6  0 0 0 0 0
5.96323 101.874 13.3214 16.4779 2.49777 5.98511 141.228 24 17.36 4.4 7.68796 108.253 18 15.2707 3.6  0 0 0 0 0 0 0 0 0 0
5.94765 68.9341 13.2965 13.9468 2.49309 6.02243 83.3218 24 27.5895 4.4 7.68784 100.674 18 15.4062 3.6  0 0 0 0 0 0 0 0 0 0
5.95013 76.1321 13.2965 18.0265 2.4931 6.00577 120.014 24 21.8983 4.4 7.68728 102.155 18 19.2489 3.6  0 0 0 0 0 0 0 0 0 0
5.96489 68.0824 13.3193 12.6099 2.49738 6.00443 125.706 24 18.1078 4.4 7.68679 84.4944 18 21.8853 3.6  0 0 0 0 0 0 0 0 0 0
5.96538 65.0665 13.3326 16.7649 2.49986 5.98808 123.604 24 22.9412 4.4 8.47616 67.6651 18 18.3806 3.6 7.68686 107.003 18 9.79839 3.6  0 0 0 0 0
5.9468 67.1594 13.3025 14.3661 2.49421 5.98958 117.272 24 22.4922 4.4 7.68685 68.9709 18 17.5224 3.6  0 0 0 0 0 0 0 0 0 0
5.95118 91.8498 13.3172 19.7417 2.49697 5.98532 129.439 24 23.6951 4.4 8.41205 115.497 18 23.1466 3.6 7.68823 74.2781 18 10.6827 3.6  0 0 0 0 0
5.96895 88.217 13.3368 17.2394 2.50065 5.98883 145.321 24 17.8027 4.4 8.38535 62.5311 18 13.6223 3.6 7.68781 121.939 18 18.7413 3.6  0 0 0 0 0
5.94949 89.2294 13.3162 16.37 2.49679 5.98943 130.758 24 20.6041 4.4 8.35773 77.9507 18 22.7881 3.6 7.68677 106.979 18 16.3392 3.6  0 0 0 0 0
5.96175 67.059 13.3138 12.4659 2.49633 6.00399 125.252 24 23.3564 4.4 8.51808 89.6455 18 18.8595 3.6 7.68701 92.3519 18 19.7656 3.6  0 0 0 0 0
5.95214 58.3809 13.3151 21.7045 2.49657 6.00624 147.223 24 27.1272 4.4 8.46853 64.8204 18 11.5251 3.6 7.68891 68.2626 18 16.3656 3.6  0 0 0 0 0
5.95899 81.468 13.312 17.3269 2.496 6.01425 79.3353 24 17.8233 4.4 8.46134 80.7795 18 15.0098 3.6 7.68681 99.5203 18 19.9877 3.6  0 0 0 0 0
5.96187 89.1554 13.3261 14.6233 2.49864 5.99086 129.424 24 23.5501 4.4 8.43137 98.0744 18 21.4321 3.6 7.6874 97.2507 18 16.0693 3.6  0 0 0 0 0
5.94655 86.5824 13.2951 14.4867 2.49284 6.01523 128.954 24 17.7662 4.4 7.68751 104.424 18 15.5225 3.6  0 0 0 0 0 0 0 0 0 0
5.94619 95.7931 13.2925 14.5209 2.49234 6.01871 127.38 24 18.017 4.4 7.68835 87.6488 18 24.6686 3.6  0 0 0 0 0 0 0 0 0 0
5.95476 77.4776 13.3168 14.4224 2.4969 5.99938 101.913 24 23.5937 4.4 8.46775 88.6618 18 16.5828 3.6 7.68792 76.1623 18 13.5811 3.6  0 0 0 0 0
5.96816 76.2601 13.3272 13.0206 2.49885 5.99907 118.233 24 26.5768 4.4 8.39825 76.5598 18 16.7767 3.6 7.68681 107.195 18 27.2488 3.6  0 0 0 0 0
5.95379 69.0815 13.3175 11.947 2.49704 6.00875 124.499 24 22.1956 4.4 8.4257 91.0174 18 18.532 3.6 7.68781 75.8019 18 13.312 3.6  0 0 0 0 0
5.9492 80.5992 13.3003 17.3974 2.49381 6.01536 107.901 24 22.453 4.4 7.68656 87.2179 18 18.4164 3.6  0 0 0 0 0 0 0 0 0 0
5.94708 74.1437 13.295 14.241 2.49282 6.02084 125.683 24 20.9622 4.4 7.68757 61.715 18 18.3773 3.6  0 0 0 0 0 0 0 0 0 0
5.95672 106.798 13.3056 14.9352 2.49481 5.99089 120.875 24 25.5177 4.4 7.68701 113.698 18 28.0812 3.6  0 0 0 0 0 0 0 0 0 0
5.94667 100.94 13.3091 15.4113 2.49546 6.00278 155.823 24 23.0026 4.4 8.50005 75.425 18 18.9957 3.6 7.68728 118.568 18 17.883 3.6  0 0 0 0 0
5.96825 67.4544 13.3216 11.5451 2.4978 5.99102 139.925 24 21.9956 4.4 8.48021 103.753 18 24.6088 3.6 7.68744 82.1104 18 19.995 3.6  0 0 0 0 0
5.43698 92.5568 13.1904 16.0923 2.47321 5.99686 122.353 24 18.7129 4.4 8.48361 84.0554 18 23.2598 3.6 7.68746 95.3904 18 20.4894 3.6  0 0 0 0 0
5.96322 74.5702 13.3314 13.1088 2.49963 5.99184 122.133 24 18.1358 4.4 8.37184 89.4809 18 14.7577 3.6 7.68878 93.0668 18 13.9605 3.6  0 0 0 0 0
5.96798 77.3157 13.3193 13.9563 2.49737 6.01663 161.457 24 24.9541 4.4 7.68634 57.6078 18 19.8492 3.6  0 0 0 0 0 0 0 0 0 0
5.967 76.0351 13.3309 6.65522 2.49954 5.99707 139.735 24 27.9941 4.4 8.36689 111.725 18 14.9927 3.6 7.6897 93.9553 18 20.5656 3.6  0 0 0 0 0
5.96411 70.7078 13.3231 15.0429 2.49809 6.01108 112.452 24 16.5374 4.4 7.68641 54.1913 18 19.9477 3.6  0 0 0 0 0 0 0 0 0 0
5.95558 69.1695 13.3132 14.0545 2.49622 6.00335 122.719 24 17.9682 4.4 8.48151 99.4735 18 16.0581 3.6 7.68578 88.2009 18 17.1646 3.6  0 0 0 0 0
5.96358 86.6935 13.3244 14.044 2.49833 5.99532 136.056 24 21.7958 4.4 8.40429 92.7256 18 23.2994 3.6 7.68789 82.5292 18 15.3775 3.6  0 0 0 0 0
5.96834 66.5396 13.3172 9.966 2.49698 5.9992 112.197 24 20.2138 4.4 7.6861 102.086 18 11.5511 3.6  0 0 0 0 0 0 0 0 0 0
5.9651 80.0174 13.3247 13.6875 2.49838 6.00193 122.156 24 14.456 4.4 7.68692 61.925 18 10.4378 3.6  0 0 0 0 0 0 0 0 0 0
5.96825 86.2767 13.324 18.1545 2.49826 5.99945 160.53 24 27.8609 4.4 8.36192 111.349 18 19.6161 3.6 7.68714 56.9498 18 19.4809 3.6  0 0 0 0 0
5.96517 90.7651 13.3242 15.0126 2.49829 5.98583 127.737 24 24.5554 4.4 7.68806 85.9328 18 12.8797 3.6  0 0 0 0 0 0 0 0 0 0
5.95109 82.55 13.313 14.7191 2.49619 5.9858 99.119 24 30.0938 4.4 8.37148 79.3202 18 20.0484 3.6 7.68758 109.512 18 21.3709 3.6  0 0 0 0 0
5.95907 75.5042 13.326 11.1641 2.49863 5.98537 128.628 24 17.3633 4.4 8.44479 92.0451 18 17.8079 3.6 7.68811 95.6506 18 14.7404 3.6  0 0 0 0 0
5.96638 71.26 13.3161 10.5248 2.49678 5.98574 90.476 24 19.6334 4.4 8.37881 74.5481 18 22.2196 3.6 7.68575 62.0729 18 23.8948 3.6  0 0 0 0 0
5.96812 79.0198 13.3236 18.9536 2.49817 6.02011 128.196 24 21.5475 4.4 7.68666 83.1793 18 20.4537 3.6  0 0 0 0 0 0 0 0 0 0
5.43681 54.0154 13.1909 14.4741 2.47329 5.9876 57.0904 24 26.2062 4.4 8.47222 92.6327 18 21.3167 3.6 7.6882 101.726 18 20.581 3.6  0 0 0 0 0
5.96598 80.3853 13.3202 15.9095 2.49754 5.99941 164.234 24 20.4048 4.4 7.6871 82.2827 18 15.4184 3.6  0 0 0 0 0 0 0 0 0 0
5.96628 64.6194 13.3245 17.7609 2.49834 6.0211 82.919 24 16.1555 4.4 8.4577 35.9169 18 17.7183 3.6 7.68616 90.5649 18 12.7582 3.6  0 0 0 0 0
5.95427 87.3701 13.3047 16.5866 2.49464 6.01169 160.645 24 17.82 4.4 7.68734 88.5961 18 13.7412 3.6  0 0 0 0 0 0 0 0 0 0
5.96305 70.4532 13.3111 16.7725 2.49582 5.98541 127.824 24 19.7778 4.4 7.68655 81.0445 18 12.7892 3.6  0 0 0 0 0 0 0 0 0 0
5.96344 49.1884 13.3283 14.9683 2.49906 5.99446 90.3101 24 24.1715 4.4 8.38734 89.2144 18 16.7381 3.6 7.68722 100.491 18 15.7099 3.6  0 0 0 0 0
5.94824 92.0626 13.3048 14.6907 2.49465 5.99258 110.883 24 12.144 4.4 8.45253 92.9947 18 21.2522 3.6 7.68716 68.9651 18 18.0429 3.6  0 0 0 0 0
5.94924 92.8888 13.3084 14.13 2.49533 6.01675 144.935 24 20.0663 4.4 8.36158 104.541 18 21.1437 3.6 7.68948 86.1484 18 18.4257 3.6  0 0 0 0 0
5.95456 94.3848 13.3113 14.3651 2.49586 6.01327 59.732 24 19.429 4.4 7.68685 74.5815 18 16.7613 3.6  0 0 0 0 0 0 0 0 0 0
5.95115 80.7177 13.3097 14.7073 2.49557 6.00404 174.74 24 15.7731 4.4 8.39469 68.3965 18 22.7142 3.6 7.68731 108.974 18 17.637 3.6  0 0 0 0 0
5.96203 50.2033 13.3227 10.0125 2.498 5.98644 117.609 24 20.0518 4.4 8.49736 116.992 18 17.984 3.6 7.6878 120.553 18 24.6271 3.6  0 0 0 0 0
5.94856 106.242 13.2957 17.6528 2.49295 6.0198 108.56 24 22.577 4.4 7.68659 88.1855 18 17.0343 3.6  0 0 0 0 0 0 0 0 0 0
5.94927 63.6629 13.3118 12.9518 2.49597 5.98607 92.9227 24 23.4766 4.4 8.49003 89.1211 18 25.3752 3.6 7.68928 54.6983 18 22.0175 3.6  0 0 0 0 0
5.947 72.1177 13.313 13.9724 2.49619 5.98566 107.691 24 27.8712 4.4 8.37706 124.524 18 15.747 3.6 7.6881 104.411 18 14.1862 3.6  0 0 0 0 0
5.95135 83.7957 13.3019 17.5911 2.4941 5.98791 98.5051 24 22.9295 4.4 8.43226 75.4515 18 18.8951 3.6 7.6894 66.3142 18 14.5408 3.6  0 0 0 0 0
5.95796 107.439 13.3156 17.0713 2.49668 5.98696 137.854 24 22.4801 4.4 8.45526 70.5244 18 22.5471 3.6 7.68649 107.118 18 14.9508 3.6  0 0 0 0 0
5.9684 69.934 13.3198 12.6544 2.49746 6.01153 157.35 24 15.7478 4.4 7.68647 100.344 18 14.7519 3.6  0 0 0 0 0 0 0 0 0 0
5.95491 96.9555 13.3038 15.5629 2.49447 5.98861 159.125 24 26.2033 4.4 8.36203 85.9824 18 21.4414 3.6 7.6864 88.8722 18 19.3723 3.6  0 0 0 0 0
5.95704 88.3098 13.3243 15.4222 2.49831 6.01739 130.199 24 14.3768 4.4 8.38397 84.8731 18 20.2722 3.6 7.68651 76.7107 18 16.136 3.6  0 0 0 0 0
5.95448 82.501 13.3209 13.6241 2.49768 6.005 107.908 24 22.1481 4.4 8.46279 116.727 18 15.4121 3.6 7.68691 88.7848 18 17.3825 3.6  0 0 0 0 0
5.96717 82.6647 13.3355 15.5478 2.50042 5.99981 157.853 24 23.6418 4.4 8.45601 92.8037 18 18.9077 3.6 7.68809 77.4324 18 14.7697 3.6  0 0 0 0 0
5.95059 91.3439 13.313 12.4921 2.49618 5.98792 142.618 24 27.0925 4.4 8.36678 105.921 18 18.43 3.6 7.68806 92.6737 18 19.143 3.6  0 0 0 0 0
5.9468 98.2567 13.2951 12.8323 2.49283 6.00262 139.886 24 14.8433 4.4 7.68785 95.0981 18 19.0866 3.6  0 0 0 0 0 0 0 0 0 0
5.94641 67.6961 13.3 14.2527 2.49376 6.02141 113.105 24 29.1015 4.4 7.68723 93.9914 18 18.5953 3.6  0 0 0 0 0 0 0 0 0 0
5.9542 71.9115 13.3105 13.0742 2.49572 5.98579 111.785 24 30.2898 4.4 7.6867 89.923 18 21.596 3.6  0 0 0 0 0 0 0 0 0 0
5.95478 64.5555 13.3229 10.3477 2.49804 6.02141 101.351 24 25.24 4.4 8.35873 102.864 18 16.0645 3.6 7.68792 110.495 18 22.7897 3.6  0 0 0 0 0
5.94647 92.2925 13.3087 13.0258 2.49537 5.9852 133.653 24 21.6164 4.4 8.46305 62.5739 18 21.0518 3.6 7.68559 92.0307 18 10.5027 3.6  0 0 0 0 0
5.95995 59.9171 13.32 13.0062 2.4975 5.98574 92.5926 24 15.9996 4.4 8.40902 82.6499 18 15.7225 3.6 7.68696 85.7205 18 14.4932 3.6  0 0 0 0 0
5.43646 68.689 13.1861 12.7325 2.4724 5.98532 108.572 24 16.0461 4.4 8.49007 79.0398 18 13.0923 3.6 7.68896 95.3334 18 18.5954 3.6  0 0 0 0 0
5.96612 107.405 13.3162 17.4048 2.49678 5.98986 122.932 24 29.284 4.4 7.68653 99.3135 18 19.5268 3.6  0 0 0 0 0 0 0 0 0 0
5.95108 84.1803 13.3171 15.4301 2.49695 5.9958 142.723 24 20.7286 4.4 8.3941 76.5112 18 17.2132 3.6 7.68667 83.1939 18 14.6887 3.6  0 0 0 0 0
5.95592 104.096 13.3137 8.19842 2.49632 5.9975 112.921 24 23.9305 4.4 7.68873 87.946 18 20.1785 3.6  0 0 0 0 0 0 0 0 0 0
5.96274 83.8468 13.3126 18.5466 2.4961 6.02033 163.298 24 24.1702 4.4 7.68747 90.4591 18 22.5703 3.6  0 0 0 0 0 0 0 0 0 0
5.94959 75.8243 13.3072 12.76 2.49509 5.98561 111.659 24 23.5569 4.4 7.68844 59.9886 18 24.3597 3.6  0 0 0 0 0 0 0 0 0 0
5.94884 81.8103 13.3136 16.8989 2.49629 5.98624 121.805 24 13.8905 4.4 8.45438 84.0518 18 22.0742 3.6 7.68726 99.5173 18 19.3223 3.6  0 0 0 0 0
5.94948 94.4332 13.3085 15.2256 2.49535 6.01427 115.839 24 22.078 4.4 8.49157 85.2605 18 23.2882 3.6 7.68599 94.3001 18 14.4157 3.6  0 0 0 0 0
5.96596 72.148 13.316 14.2491 2.49674 6.002 130.026 24 18.9287 4.4 7.68875 73.642 18 24.7565 3.6  0 0 0 0 0 0 0 0 0 0
5.9485 79.5724 13.3045 20.6793 2.4946 5.99529 111.826 24 22.2209 4.4 8.51382 98.327 18 14.3073 3.6 7.68607 83.8962 18 15.328 3.6  0 0 0 0 0
5.94693 81.0195 13.301 12.1755 2.49393 6.02026 139.471 24 13.8367 4.4 8.44831 71.8321 18 19.1924 3.6 7.6892 77.8646 18 16.5423 3.6  0 0 0 0 0
5.95666 115.573 13.323 12.5065 2.49806 6.00681 149.974 24 20.4392 4.4 8.38938 49.7524 18 10.6753 3.6 7.68707 110.812 18 21.4221 3.6  0 0 0 0 0
5.95685 74.4772 13.309 17.2523 2.49543 5.9915 83.3222 24 28.6692 4.4 7.68595 73.4912 18 15.1622 3.6  0 0 0 0 0 0 0 0 0 0
5.96851 82.8449 13.3206 12.4172 2.49761 6.01764 101.142 24 35.067 4.4 7.68897 106.792 18 17.1256 3.6  0 0 0 0 0 0 0 0 0 0
5.94907 85.718 13.3167 17.8674 2.49688 5.99655 104.405 24 21.8383 4.4 8.36643 103.407 18 18.3697 3.6 7.68651 111.694 18 21.6642 3.6  0 0 0 0 0
5.95225 70.6715 13.3165 16.1094 2.49685 5.99577 110.725 24 18.671 4.4 8.45662 68.8319 18 14.6656 3.6 7.68806 103.618 18 11.5132 3.6  0 0 0 0 0
5.95451 89.5973 13.3066 8.70761 2.49499 5.99581 79.0885 24 21.6397 4.4 7.68823 85.0162 18 16.9001 3.6  0 0 0 0 0 0 0 0 0 0
5.95208 63.1607 13.3122 14.9892 2.49604 5.98527 124.53 24 28.9562 4.4 8.46985 106.726 18 17.8448 3.6 7.68697 90.2901 18 22.7871 3.6  0 0 0 0 0
5.94649 85.9461 13.3099 18.9292 2.49561 6.00047 131.991 24 23.3218 4.4 8.46939 99.867 18 15.4922 3.6 7.68934 86.8011 18 22.9011 3.6  0 0 0 0 0
5.96011 89.532 13.3095 14.3749 2.49553 5.98728 69.0361 24 17.5929 4.4 7.68655 105.109 18 19.494 3.6  0 0 0 0 0 0 0 0 0 0
5.95141 85.4694 13.3127 18.8492 2.49613 5.98613 118.877 24 17.4576 4.4 8.37374 74.4767 18 18.4921 3.6 7.68838 102.333 18 17.9277 3.6  0 0 0 0 0
5.95305 101.058 13.306 16.2521 2.49488 6.01294 132.043 24 20.7216 4.4 8.45549 99.8478 18 19.6896 3.6 7.68636 105.211 18 21.1642 3.6  0 0 0 0 0
5.9472 94.237 13.2972 15.0174 2.49322 6.00338 135.456 24 21.8498 4.4 7.68727 111.765 18 16.0975 3.6  0 0 0 0 0 0 0 0 0 0
5.95128 76.9887 13.3052 12.6126 2.49473 5.98576 144.419 24 27.9851 4.4 7.68666 99.2286 18 23.6627 3.6  0 0 0 0 0 0 0 0 0 0
5.9462 79.1856 13.313 13.6378 2.49619 5.99276 138.285 24 27.1574 4.4 8.37433 95.5002 18 19.0719 3.6 7.68671 67.0786 18 15.25 3.6  0 0 0 0 0
5.96791 67.2149 13.3345 18.1088 2.50022 5.98538 121.09 24 19.5234 4.4 8.4897 94.5416 18 24.6379 3.6 7.68814 68.4413 18 15.7264 3.6  0 0 0 0 0
5.9462 83.0246 13.3004 11.2898 2.49383 6.001 119.304 24 12.7244 4.4 8.51561 106.595 18 15.596 3.6 7.68695 71.73 18 23.4931 3.6  0 0 0 0 0
5.96309 95.1432 13.3209 15.3209 2.49766 6.00941 98.0034 24 23.1622 4.4 8.4419 97.3269 18 17.9881 3.6 7.68886 85.02 18 14.1194 3.6  0 0 0 0 0
5.96856 88.2069 13.32 20.263 2.49751 6.01418 95.3046 24 26.9989 4.4 7.68929 85.2743 18 18.6256 3.6  0 0 0 0 0 0 0 0 0 0
5.96813 70.0612 13.318 12.0655 2.49713 5.98687 115.094 24 21.6397 4.4 7.68764 89.1526 18 20.5507 3.6  0 0 0 0 0 0 0 0 0 0
5.95456 102.122 13.3086 8.0934 2.49536 6.01526 122.174 24 21.9999 4.4 8.43492 85.4243 18 16.8096 3.6 7.68763 98.7081 18 17.2474 3.6  0 0 0 0 0
5.95263 63.3385 13.3034 12.7505 2.49439 5.99305 180.274 24 24.5125 4.4 7.68553 116.248 18 16.7993 3.6  0 0 0 0 0 0 0 0 0 0
5.96152 80.8253 13.313 16.7713 2.49619 5.99151 125.107 24 25.2698 4.4 7.68785 75.3947 18 14.076 3.6  0 0 0 0 0 0 0 0 0 0
5.94789 70.5733 13.3119 12.6712 2.49598 6.01871 99.4642 24 26.4503 4.4 8.39361 91.9952 18 16.2815 3.6 7.6893 80.2123 18 16.0742 3.6  0 0 0 0 0
5.96871 72.1644 13.3335 12.2939 2.50004 5.99217 153.743 24 19.5675 4.4 8.43249 95.1474 18 24.1556 3.6 7.68702 63.6267 18 17.1378 3.6  0 0 0 0 0
5.96362 86.3954 13.3256 17.1689 2.49855 6.02186 134.39 24 12.9665 4.4 8.48895 92.9202 18 16.9188 3.6 7.68838 62.1082 18 15.9776 3.6  0 0 0 0 0
5.96356 101.142 13.3145 20.9776 2.49646 5.98533 116.21 24 14.1567 4.4 7.68733 77.5484 18 16.4413 3.6  0 0 0 0 0 0 0 0 0 0
5.96852 96.9259 13.3179 14.2654 2.49711 6.02032 115.175 24 23.492 4.4 7.68894 91.3381 18 18.6835 3.6  0 0 0 0 0 0 0 0 0 0
5.94838 88.6767 13.3136 20.4792 2.4963 5.98512 155.39 24 13.888 4.4 8.47358 77.0934 18 21.232 3.6 7.68728 80.1412 18 20.8778 3.6  0 0 0 0 0
5.9479 73.913 13.2964 15.5735 2.49307 5.98526 113.648 24 15.079 4.4 7.68738 82.6769 18 15.4268 3.6  0 0 0 0 0 0 0 0 0 0
5.9498 78.7866 13.3004 16.033 2.49383 5.99222 152.61 24 23.5016 4.4 7.68854 100.312 18 18.2067 3.6  0 0 0 0 0 0 0 0 0 0
5.94822 89.9693 13.3084 10.8916 2.49533 6.00584 116.446 24 25.5546 4.4 8.47154 65.5662 18 20.387 3.6 7.68591 106.143 18 16.928 3.6  0 0 0 0 0
5.95508 91.2867 13.3125 15.8588 2.4961 5.99969 99.1623 24 21.7697 4.4 7.68926 76.3858 18 20.8099 3.6  0 0 0 0 0 0 0 0 0 0
5.94724 70.3426 13.2978 15.4319 2.49333 5.99957 109.368 24 23.7217 4.4 7.68617 70.216 18 18.3692 3.6  0 0 0 0 0 0 0 0 0 0
5.9515 84.7294 13.3193 16.152 2.49736 5.98587 124.827 24 20.2931 4.4 8.36418 59.9713 18 18.0752 3.6 7.68588 95.0319 18 20.3724 3.6  0 0 0 0 0
5.96721 64.592 13.3202 19.1146 2.49753 6.02095 143.383 24 26.2815 4.4 7.68603 59.2732 18 23.936 3.6  0 0 0 0 0 0 0 0 0 0
5.96761 73.2033 13.3164 15.9576 2.49682 6.00586 176.682 24 26.8565 4.4 7.68749 93.5809 18 18.9883 3.6  0 0 0 0 0 0 0 0 0 0
5.95551 72.532 13.3161 16.422 2.49676 5.99206 125.997 24 21.5683 4.4 8.48461 100.836 18 22.1946 3.6 7.68631 122.606 18 17.4329 3.6  0 0 0 0 0
5.95794 82.3868 13.3186 13.2153 2.49724 5.98759 116.179 24 13.5238 4.4 8.36307 104.244 18 14.4387 3.6 7.68797 91.4698 18 18.1799 3.6  0 0 0 0 0
