5.20109 76.6015 12.244 12.6866 2.29575 5.94566 113.715 24 25.1705 4.4 7.6905 113.376 18 14.8273 3.6  0 0 0 0 0 0 0 0 0 0
10.7087 108.06 16 12.5058 3 5.23916 81.5741 11.7357 12.0358 2.20045 6.05172 82.0724 24 14.6206 4.4 7.92099 103.36 18 11.7504 3.6 7.70031 76.9541 18 19.0061 3.6 
5.26525 68.8091 13.7097 18.3762 2.57056 5.95821 137.462 24 19.5637 4.4 7.94291 107.846 18 19.0588 3.6 7.76599 71.6297 18 18.0768 3.6  0 0 0 0 0
5.2498 56.6781 12.4731 12.5205 2.33871 5.96845 125.813 24 22.406 4.4 8.23011 100.029 18 16.5258 3.6 7.64621 81.1567 18 20.6779 3.6  0 0 0 0 0
5.88996 91.2013 13.2436 15.0511 2.48317 5.89874 128.833 24 21.0533 4.4 7.83351 106.091 18 14.5082 3.6 7.63101 93.9244 18 19.7747 3.6  0 0 0 0 0
5.82383 61.8939 13.1604 17.1347 2.46758 5.8757 139.918 24 16.2097 4.4 7.79558 85.2203 18 25.2676 3.6 7.63527 129.893 18 17.8576 3.6  0 0 0 0 0
5.79719 59.8093 13.0502 13.8195 2.44691 5.84979 112.177 24 16.43 4.4 7.76691 88.4459 18 17.1736 3.6 7.81377 102.669 18 20.4852 3.6  0 0 0 0 0
5.77532 69.9109 13.5003 14.9484 2.53131 5.82297 114.444 24 25.117 4.4 7.79174 99.14 18 15.526 3.6  0 0 0 0 0 0 0 0 0 0
5.73774 75.4002 12.99 13.1085 2.43563 5.80473 105.718 24 20.7854 4.4 7.72408 89.6785 18 18.2271 3.6 7.63231 100.823 18 23.1568 3.6  0 0 0 0 0
5.71144 49.7493 14.1601 9.39378 2.65503 5.79956 101.741 24 29.456 4.4 7.70136 66.5105 18 13.4907 3.6 7.75743 111.574 18 21.314 3.6  0 0 0 0 0
5.11174 91.6967 13.3384 16.3855 2.50096 5.79199 130.522 24 21.5069 4.4 7.72563 82.5648 18 8.20234 3.6  0 0 0 0 0 0 0 0 0 0
5.0789 66.5236 13.5048 14.1978 2.53216 5.75077 96.3979 24 21.615 4.4 7.64882 96.9171 18 12.0514 3.6 7.69729 60.5313 18 18.34 3.6  0 0 0 0 0
5.04851 119.375 13.4686 14.1529 2.52537 5.65747 74.6691 24 23.5826 4.4 7.65862 82.3088 18 19.8402 3.6  0 0 0 0 0 0 0 0 0 0
5.01073 101.449 13.3967 16.1974 2.51189 5.71959 128.366 24 24.539 4.4 7.59871 58.4897 18 15.9549 3.6  0 0 0 0 0 0 0 0 0 0
4.96794 97.6976 13.3666 15.4136 2.50623 5.60437 124.461 24 23.5063 4.4 7.5561 75.6335 18 22.9461 3.6 7.59687 91.6709 18 21.2457 3.6  0 0 0 0 0
4.94148 88.565 11.9267 15.7693 2.23625 5.74658 127.245 24 22.6896 4.4 7.5231 98.3069 18 21.8232 3.6 7.54945 128.652 18 18.431 3.6  0 0 0 0 0
4.91065 64.1852 11.8945 15.8777 2.23022 5.53923 105.652 24 14.2478 4.4 7.51047 93.4647 18 17.0037 3.6  0 0 0 0 0 0 0 0 0 0
4.8833 60.655 11.8665 12.982 2.22498 5.5406 96.9737 24 22.0027 4.4 7.48267 91.9502 18 8.34533 3.6 7.51034 83.8434 18 15.5311 3.6  0 0 0 0 0
4.85472 90.6383 11.8313 14.2664 2.21837 5.51767 151.804 24 23.575 4.4 7.45409 88.4314 18 22.7649 3.6 7.47929 132.717 18 18.3522 3.6  0 0 0 0 0
4.84949 84.2244 11.8138 17.6686 2.21508 5.48006 141.644 24 21.7611 4.4 7.57296 107.234 18 23.3916 3.6 7.46341 84.6892 18 19.5678 3.6  0 0 0 0 0
10.8842 90.4711 16 12.7267 3 4.82149 118.865 11.7849 15.7736 2.20968 5.46426 160.479 24 23.6145 4.4 7.5535 95.0368 18 15.1534 3.6 7.40043 100.106 18 21.6411 3.6 
4.78999 85.6695 11.7464 12.6154 2.20244 5.43292 129.688 24 27.2883 4.4 7.52645 85.3557 18 18.2518 3.6 7.41731 87.2586 18 17.1501 3.6  0 0 0 0 0
4.78884 77.1933 11.7432 13.8092 2.20185 5.61079 100.388 24 21.6094 4.4 7.49909 114.901 18 16.9666 3.6 7.35916 105.638 18 21.2281 3.6  0 0 0 0 0
10.8074 60.9158 16 18.6843 3 4.80499 71.0765 11.7949 16.8848 2.21153 5.37189 116.105 24 24.4222 4.4 7.47405 103.913 18 17.2292 3.6 7.33751 93.3159 18 22.6592 3.6 
4.80925 83.7636 11.8115 16.8066 2.21465 5.56112 108.463 24 16.7688 4.4 7.44521 98.9042 18 17.3622 3.6 7.30902 89.3738 18 19.6074 3.6  0 0 0 0 0
10.7225 70.2972 16 16.8216 3 4.8092 91.9553 11.8234 15.3058 2.21689 5.3047 121.176 24 29.6269 4.4 7.40915 108.861 18 19.4603 3.6 7.25379 102.206 18 17.0561 3.6 
10.6908 91.23 16 13.1433 3 4.78474 87.2957 11.7956 12.7553 2.21168 5.46329 129.916 24 21.5996 4.4 7.37968 111.996 18 21.9702 3.6 7.21345 49.6285 18 16.6915 3.6 
4.78198 85.5936 11.9716 16.5109 2.24467 5.42552 149.864 24 22.8514 4.4 7.34503 113.611 18 14.1979 3.6 7.1924 109.168 18 14.4195 3.6  0 0 0 0 0
4.78714 89.5202 12.3189 17.3347 2.30979 5.18428 110.625 24 37.3265 4.4 7.32474 80.0777 18 14.5847 3.6 7.17324 81.7552 18 17.4128 3.6  0 0 0 0 0
5.32172 84.7459 12.7484 16.5408 2.39033 5.1615 96.6557 24 21.8851 4.4 7.28213 88.7194 18 19.5556 3.6 7.14069 54.7276 18 15.0767 3.6  0 0 0 0 0
5.28122 70.6207 12.6982 14.5136 2.38092 5.10741 159.208 24 15.9435 4.4 7.23432 103.319 18 11.7388 3.6 7.12076 82.9289 18 10.4466 3.6  0 0 0 0 0
5.23005 61.5477 12.6325 17.4253 2.36859 5.26643 103.71 24 24.1953 4.4 7.21203 87.0386 18 10.0906 3.6 7.08104 49.1035 18 16.0348 3.6  0 0 0 0 0
5.18918 53.6264 12.5775 13.4597 2.35829 5.0434 167.584 24 26.5272 4.4 7.18159 113.203 18 27.2459 3.6 7.00529 68.3587 18 21.427 3.6  0 0 0 0 0
4.54478 94.9893 11.5177 16.9147 2.15957 5.01429 104.182 24 20.8723 4.4 7.15049 120.179 18 21.3231 3.6 6.94362 68.8755 18 16.0584 3.6  0 0 0 0 0
4.54863 77.8764 11.574 13.1677 2.17012 5.29523 85.902 24 20.168 4.4 7.11614 73.8042 18 17.9698 3.6 6.9021 105.954 18 19.8713 3.6  0 0 0 0 0
4.52023 82.1159 11.3991 16.0709 2.13734 5.23586 105.583 24 17.5871 4.4 7.08712 76.0258 18 21.3182 3.6 6.89625 109.549 18 18.6771 3.6  0 0 0 0 0
4.50643 81.612 11.4605 15.3777 2.14884 5.23652 99.3253 24 22.2671 4.4 7.06656 95.6422 18 18.2191 3.6 6.87523 74.0396 18 17.9827 3.6  0 0 0 0 0
4.44596 96.2038 12.6663 13.0995 2.37493 5.18277 80.5139 24 25.899 4.4 7.03319 71.3531 18 15.7135 3.6 6.83637 62.5891 18 15.8804 3.6  0 0 0 0 0
4.45697 68.8194 12.7062 13.7495 2.38242 5.14783 135.321 24 22.504 4.4 7.01104 91.9501 18 20.0101 3.6 6.83411 109.732 18 19.0007 3.6  0 0 0 0 0
4.42057 85.8333 11.2627 16.3986 2.11176 5.11675 129.716 24 18.9811 4.4 6.97888 102.714 18 11.3259 3.6 7.07836 118.515 18 19.3305 3.6  0 0 0 0 0
4.32794 59.471 11.0856 14.7451 2.07854 5.13354 111.356 24 17.8777 4.4 6.93739 86.2619 18 14.2655 3.6 7.04842 86.3851 18 18.0678 3.6  0 0 0 0 0
4.29185 74.9046 11.0387 15.3513 2.06975 5.06369 129.398 24 26.7501 4.4 6.91097 112.702 18 22.5424 3.6 7.02376 123.042 18 24.698 3.6  0 0 0 0 0
4.31166 63.5534 11.1004 16.922 2.08132 5.0565 113.854 24 22.6274 4.4 6.88073 84.8367 18 16.2052 3.6 6.98293 99.1464 18 17.173 3.6  0 0 0 0 0
4.28281 95.8871 11.0458 17.53 2.0711 5.03444 95.3846 24 21.2841 4.4 6.86283 99.2864 18 12.4483 3.6 6.96261 100.47 18 22.0325 3.6  0 0 0 0 0
4.28626 85.0029 11.0681 17.4097 2.07527 5.03379 155.728 24 30.9266 4.4 6.8268 63.2062 18 15.9517 3.6 6.89955 80.8244 18 20.3201 3.6  0 0 0 0 0
4.27427 88.0434 11.0655 12.8073 2.07478 4.87266 98.8033 24 13.9952 4.4 6.79343 66.8159 18 18.5631 3.6 6.86826 98.9562 18 14.2743 3.6  0 0 0 0 0
4.27666 92.8791 11.0897 16.1525 2.07931 4.81568 50.267 24 25.2473 4.4 6.75751 79.6279 18 21.0288 3.6 6.84761 93.1588 18 20.2079 3.6  0 0 0 0 0
4.27255 75.7656 11.2731 16.1476 2.1137 4.8099 140.621 24 23.3249 4.4 6.74238 73.1755 18 13.5336 3.6 6.81917 90.3504 18 16.5169 3.6  0 0 0 0 0
4.27305 85.1713 11.6464 13.8186 2.1837 4.92263 116.327 24 18.5823 4.4 6.70754 104.868 18 15.8177 3.6 6.77904 132.202 18 12.9424 3.6  0 0 0 0 0
9.88877 116.56 16 18.679 3 4.84167 65.4417 12.2417 15.308 2.29532 4.89032 176.26 24 23.303 4.4 6.68916 70.8914 16.006 16.4871 3.20119 6.68413 103.982 18 12.8207 3.6 
4.81655 80.6604 12.2027 14.2795 2.28801 4.87307 100.491 24 24.1049 4.4 6.66752 85.2779 15.4598 22.5147 3.09197 6.66142 102.194 18 16.8919 3.6  0 0 0 0 0
4.79394 88.143 12.1705 17.8621 2.28197 4.87204 122.186 24 24.2251 4.4 6.68327 95.2418 17.4363 19.9152 3.48726 6.63761 103.991 18 12.256 3.6  0 0 0 0 0
9.97796 82.6161 16 17.4577 3 4.76036 98.3981 12.1209 15.3866 2.27267 4.81124 139.33 24 22.4556 4.4 6.61593 118.284 15.8975 15.6122 3.17951 6.60962 99.8693 18 22.0638 3.6 
4.73355 80.3204 12.0804 15.4246 2.26507 4.82015 133.392 24 21.9566 4.4 6.59199 67.5771 16.7592 14.6032 3.35183 6.59125 119.234 18 24.0631 3.6  0 0 0 0 0
4.70991 74.8716 12.0391 12.3307 2.25733 4.77401 155.897 24 25.5855 4.4 6.73459 83.3522 17.9995 19.8199 3.59991 6.56585 109.741 18 16.8655 3.6  0 0 0 0 0
4.67899 84.8347 11.9963 13.9541 2.24931 4.74789 122.323 24 24.3141 4.4 6.7012 110.35 15.8359 20.0947 3.16718 6.53706 97.6596 18 14.3515 3.6  0 0 0 0 0
4.09482 79.0544 10.85 12.6655 2.03437 4.49851 140.55 24 21.9112 4.4 6.67195 121.67 15.5093 24.9654 3.10186 6.50994 115.888 18 19.1583 3.6  0 0 0 0 0
9.67648 78.6061 16 20.1552 3 4.06102 79.5089 10.7458 16.2928 2.01484 5.06279 113.793 24 23.8847 4.4 6.63221 94.548 16.3613 20.0648 3.27225 6.48251 97.1133 18 13.7079 3.6 
4.00554 78.211 10.7036 14.6553 2.00692 5.05052 118.036 24 19.4378 4.4 6.59572 108.97 15.449 15.6059 3.08981 6.39353 61.2945 18 22.5862 3.6  0 0 0 0 0
4.01081 75.5433 10.6501 16.7665 1.99689 5.00051 103.99 24 22.9888 4.4 6.37378 83.1031 18 17.5093 3.6 6.35561 86.7023 18 14.9056 3.6  0 0 0 0 0
3.95507 88.7097 10.5442 13.317 1.97705 4.69578 95.1595 24 11.2253 4.4 6.34684 60.0496 18 15.2079 3.6 6.34655 72.5745 18 18.655 3.6  0 0 0 0 0
3.93501 80.8969 10.5172 11.1839 1.97197 4.66195 99.2623 24 25.8748 4.4 6.49064 80.9507 18 21.034 3.6 6.28191 76.9661 18 17.348 3.6  0 0 0 0 0
9.54948 71.6444 16 18.274 3 3.91611 69.2697 10.4941 19.5945 1.96765 4.60752 149.468 24 17.9444 4.4 6.46911 93.6303 18 13.3779 3.6 6.25895 80.5206 18 20.1303 3.6 
9.63166 112.687 16 15.0817 3 3.89605 82.9913 10.4643 13.4263 1.96207 4.59621 62.9707 24 19.6661 4.4 6.43461 114.396 18 15.8567 3.6 6.22722 64.6545 18 14.1659 3.6 
3.87723 83.2008 10.8769 15.8846 2.03943 4.5705 138.884 24 18.377 4.4 6.4053 66.6081 18 16.8364 3.6 6.23161 76.7162 18 16.7477 3.6  0 0 0 0 0
9.3338 71.5961 16 13.2416 3 3.8861 79.5575 11.3434 13.9935 2.12689 4.54348 130.661 24 12.991 4.4 6.38438 67.0885 18 17.1403 3.6 6.20514 123.555 18 12.5163 3.6 
9.48733 88.6998 16 12.3518 3 4.46065 83.9496 11.7744 12.9138 2.2077 4.63511 157.894 24 27.7653 4.4 6.33751 98.0379 18 17.5948 3.6 6.46317 84.4333 18 19.6082 3.6 
9.47332 46.2521 16 18.5339 3 4.40154 57.6959 11.6716 18.302 2.18843 4.59507 101.167 24 22.1822 4.4 6.29333 101.954 18 18.6465 3.6 6.365 90.551 18 14.7257 3.6 
9.30868 98.4986 16 14.1311 3 4.36714 82.8928 11.6119 10.2187 2.17723 4.55613 155.719 24 16.149 4.4 6.22024 72.0037 18 10.4433 3.6 6.33197 89.7333 18 17.7557 3.6 
9.37762 109.187 16 12.0195 3 3.78366 71.4433 9.98313 16.121 1.87184 4.52334 134.761 24 12.9733 4.4 6.2377 87.4653 18 16.3086 3.6 6.31968 72.7029 18 22.1238 3.6 
9.30998 85.4617 16 12.6956 3 3.76061 65.7595 9.93774 17.2218 1.86333 4.52836 127.15 24 19.543 4.4 6.15963 91.7653 18 15.4033 3.6 6.28335 84.069 18 14.7568 3.6 
9.36794 73.5379 16 14.5496 3 3.7721 96.663 10.2987 14.8309 1.931 4.51647 81.6702 24 18.3466 4.4 6.17469 98.2385 18 18.7573 3.6 6.24901 55.3647 18 13.3428 3.6 
9.27257 77.2064 16 17.1057 3 3.70675 92.9455 10.1516 11.9317 1.90342 4.54693 115.342 24 23.1895 4.4 6.12608 70.6444 18 23.5819 3.6 6.20494 81.9511 18 15.9556 3.6 
8.64078 85.9085 16 17.1838 3 3.65888 70.9457 9.44072 16.8165 1.77014 4.57044 117.758 24 27.8139 4.4 6.04591 105.368 18 19.7928 3.6 6.14567 98.5076 18 18.704 3.6 
9.26626 66.4671 16 16.2813 3 3.67966 99.0556 9.77295 15.182 1.83243 4.56878 130.537 24 23.4229 4.4 6.07555 77.9842 18 16.2291 3.6 6.07262 106.616 18 17.8201 3.6 
9.07792 69.5669 16 13.1322 3 3.56472 89.6033 9.94939 15.3946 1.86551 3.93946 134.417 24 17.436 4.4 5.95957 111.694 18 19.4072 3.6 6.04835 80.6761 18 19.1327 3.6 
8.52214 79.1523 16 16.3947 3 3.56592 84.1683 10.8711 17.1165 2.03833 3.93361 134.18 24 15.9803 4.4 6.07213 84.8907 18 17.524 3.6 6.01272 92.3 18 17.9528 3.6 
8.49081 124.738 16 11.8972 3 4.20323 82.1529 11.4152 14.4889 2.14035 4.25301 152.118 24 23.9796 4.4 6.10756 98.8691 14.3869 17.7613 2.87738 5.92909 93.5307 18 19.9812 3.6 
9.08027 78.0926 16 21.4131 3 4.16132 82.2757 11.3586 15.5102 2.12974 4.2707 120.024 16.4141 21.5011 3.00925 6.06825 101.96 14.3473 13.5403 2.86946 5.92002 72.393 18 17.2062 3.6 
8.99524 94.8267 16 16.3486 3 4.12545 87.9611 11.2916 14.2025 2.11718 4.26167 148.407 16.7531 18.3974 3.0714 6.0623 76.8672 14.3516 18.1986 2.87033 5.8715 80.9385 18 24.9926 3.6 
8.89538 92.2101 16 18.1818 3 4.06706 89.9135 11.1787 17.6646 2.09601 4.25934 115.642 17.1962 18.3207 3.15263 6.11363 85.0269 14.4322 18.9258 2.88644 5.78358 66.8591 18 15.9298 3.6 
8.95285 86.0517 16 16.7885 3 3.52946 66.2286 9.9138 14.675 1.85884 4.22631 108.799 17.0808 17.2712 3.13148 6.14665 88.4098 14.4823 16.6135 2.89646 5.76137 83.9841 18 20.6514 3.6 
8.95726 95.4203 16 16.0036 3 3.49321 74.5438 9.4431 15.1921 1.77058 4.20863 114.65 17.0987 20.4977 3.13477 6.08035 76.3243 14.4174 16.0047 2.88348 5.735 86.8199 18 17.1982 3.6 
8.85475 84.1232 16 18.7792 3 3.5116 83.5689 9.44738 16.7229 1.77138 4.09095 145.105 24 15.076 4.4 5.67559 97.6044 18 24.526 3.6 6.01928 98.4296 18 15.3961 3.6 
8.25424 71.1129 16 19.4128 3 3.47009 63.3536 9.42281 16.1885 1.76678 4.0833 118.022 24 16.7019 4.4 5.63752 81.0746 18 10.8459 3.6 6.00856 83.6646 18 22.2437 3.6 
8.69977 66.1772 16 10.332 3 3.46094 90.497 9.21189 15.2637 1.72723 4.05227 132.913 24 23.1893 4.4 5.60182 81.4045 18 12.8706 3.6 5.96287 64.4146 18 7.79809 3.6 
8.18902 72.1648 16 17.8233 3 3.40252 90.5018 9.77837 14.4088 1.83344 3.69204 120.684 24 26.5812 4.4 5.56617 92.3664 18 19.4928 3.6 5.91487 87.1958 18 15.4453 3.6 
8.69711 73.6289 16 14.4664 3 4.02475 65.1071 10.8308 11.8212 2.03077 3.64925 108.536 24 18.7204 4.4 5.52792 106.705 18 20.0162 3.6 5.87517 73.64 18 12.6102 3.6 
8.12319 78.9934 16 14.7049 3 3.97508 98.0317 11.0704 12.7991 2.0757 3.61933 169.006 24 17.1885 4.4 5.49119 56.2385 18 25.7961 3.6 5.81724 44.0884 18 16.9893 3.6 
8.09202 36.0507 16 8.50414 3 3.92429 82.5994 10.9751 14.4536 2.05782 3.61521 122.408 24 19.0006 4.4 5.46278 66.3091 18 13.2854 3.6 5.78795 94.146 18 21.0218 3.6 
8.4882 81.3954 16 10.9247 3 3.85834 64.5098 10.855 15.2109 2.03531 3.94319 113.952 24 20.0284 4.4 5.42222 66.8956 18 22.2868 3.6 5.69703 92.5705 18 23.5303 3.6 
8.53714 57.6 16 15.3685 3 3.79968 91.9459 10.7303 13.1356 2.01193 3.86138 139.873 13.9916 19.8244 2.56513 5.38018 87.7784 18 15.2876 3.6 5.62603 50.3374 18 20.8782 3.6 
7.96853 79.466 16 10.1938 3 3.75121 79.4059 10.557 15.3041 1.97943 3.88161 122.815 15.168 24.7702 2.78081 5.20125 83.8372 14.6924 13.2605 2.93848 5.6722 92.5114 18 16.1238 3.6 
8.37842 80.5419 16 17.765 3 3.28299 83.4701 9.02674 14.7666 1.69251 3.87229 104.28 14.921 22.0447 2.73552 5.16367 95.9642 13.9337 20.4826 2.78674 5.64277 85.5738 18 13.9831 3.6 
7.88707 90.2306 16 14.4902 3 3.16056 70.5173 9.38847 18.7149 1.76034 3.83932 117.87 14.177 17.011 2.59911 5.18576 92.8784 13.9897 16.5496 2.79794 5.60051 56.0942 18 15.4533 3.6 
8.36145 38.8815 16 12.4654 3 3.87646 77.3515 10.3746 13.46 1.94524 3.82422 143.831 18.3862 22.9306 3.3708 5.19909 77.0909 14.7017 18.0208 2.94034 5.5633 85.9202 18 16.046 3.6 
7.8109 56.1305 16 19.6812 3 3.79615 67.4405 10.2037 13.8415 1.9132 3.5978 103.194 13.2182 22.4681 2.42333 5.21596 94.0507 14.5841 18.306 2.91681 5.52065 97.187 18 21.2605 3.6 
7.77886 87.2095 16 14.3809 3 2.97606 77.5191 8.16394 14.0682 1.53074 3.59692 141.054 13.2222 20.9782 2.42408 5.16231 95.813 13.5913 18.5842 2.71826 5.55287 62.9626 18 16.9074 3.6 
8.39497 47.7756 16 16.5681 3 2.95762 72.845 8.13532 13.113 1.52537 3.6029 110.096 13.7934 26.5183 2.52878 5.16329 104.239 18 19.8669 3.6 5.30362 74.8834 18 24.9263 3.6 
7.70963 82.0158 16 16.3414 3 2.9593 86.3631 8.16609 15.6493 1.53114 3.57522 140.375 13.1969 23.4258 2.41943 5.24516 97.8945 18 19.1748 3.6 5.3209 90.0702 18 15.3906 3.6 
8.18862 104.854 16 20.7596 3 3.58448 81.7891 10.2622 16.1955 1.92416 3.56133 159.677 13.0616 21.4342 2.39462 5.19967 102.382 18 14.9583 3.6 5.34197 95.2122 18 25.3208 3.6 
7.63185 86.5413 16 19.8334 3 3.10762 77.2106 9.42235 18.3784 1.76669 3.57925 107.024 18.6879 19.0545 3.42611 5.16334 81.2148 18 15.4611 3.6 5.31182 92.1975 18 21.1747 3.6 
7.60227 100.874 16 14.0212 3 3.88161 76.7329 10.455 16.9913 1.96031 3.57159 106.935 16.8428 25.7995 3.08786 5.13272 43.9508 18 14.0756 3.6 5.33254 93.7125 18 13.6116 3.6 
8.03593 89.5777 16 12.5093 3 2.86684 76.1269 7.50015 14.3327 1.40628 3.56299 113.318 15.497 21.7754 2.84111 5.10215 90.0359 18 22.2655 3.6 5.45548 100.44 18 19.6674 3.6 
7.53099 93.3515 16 16.249 3 2.81537 71.7066 7.24942 14.2009 1.35927 3.42015 112.3 12.4984 21.8722 2.29138 5.06322 71.3698 18 17.2752 3.6 5.45527 64.0977 18 17.6887 3.6 
7.49704 88.5643 16 17.2756 3 2.81753 86.1651 7.2725 15.0884 1.36359 3.36849 121.335 12.4653 25.5338 2.2853 5.01995 56.4446 18 19.4386 3.6 5.36798 96.4985 18 23.5226 3.6 
7.46239 55.619 16 15.2023 3 2.81803 68.2157 7.60362 13.0207 1.42568 3.36717 134.696 12.8808 20.8137 2.36148 4.98428 82.9699 18 15.2715 3.6 5.33402 104.074 18 21.499 3.6 
7.42384 93.1673 16 15.389 3 2.81286 73.5996 7.83679 14.4893 1.4694 3.34871 118.458 12.0525 21.5307 2.20962 4.94586 75.0245 18 10.9425 3.6 5.33709 113.504 18 18.7026 3.6 
7.39553 72.1675 16 9.90746 3 3.38879 102.76 10.9764 16.9454 2.05808 3.33875 128.42 12.0382 23.6829 2.207 4.91762 72.8091 18 17.2241 3.6 5.31403 75.5387 18 18.9404 3.6 
7.3364 79.2837 16 14.7152 3 2.75567 81.6286 7.4511 16.147 1.39708 3.14323 106.72 11.1991 23.2545 2.05316 4.85677 103.271 12.7277 14.9018 2.54554 5.3164 65.2227 18 13.2877 3.6 
7.30199 110.958 16 9.72499 3 2.69776 80.8878 7.06349 15.9372 1.3244 3.1409 130.719 11.5079 21.8122 2.10977 4.81469 81.1127 12.9324 18.7069 2.58648 5.2914 95.7632 18 17.0492 3.6 
7.24864 75.9801 16 13.4259 3 2.69626 74.5679 6.91496 14.432 1.29656 3.13865 111.783 11.4058 23.0606 2.09106 4.77101 85.2614 12.8793 11.9141 2.57585 5.2801 88.4175 18 18.7238 3.6 
7.20171 60.0627 16 6.02877 3 2.70118 81.3925 7.11784 14.5347 1.33459 3.13791 123.696 11.3539 21.4849 2.08154 4.74608 99.2645 12.8527 19.5646 2.57053 5.27419 58.2272 18 19.8918 3.6 
7.16286 79.4348 16 17.4733 3 2.70131 84.3185 8.85631 16.8655 1.66056 3.1383 120.54 11.3821 24.4216 2.08672 4.75721 93.7315 12.6338 19.8853 2.52676 5.28743 113.635 18 15.1807 3.6 
2.81274 87.2044 11.3415 13.6015 2.12653 2.9821 122.054 11.1403 18.1097 2.04239 4.40379 95.1578 12.1805 18.8023 2.43611 5.25329 53.4662 18 19.2142 3.6  0 0 0 0 0
7.72695 87.84 16 11.7657 3 2.71708 76.4442 12.296 17.2699 2.3055 2.96997 117.481 11.0072 20.9208 2.01799 4.33672 101.93 11.6365 19.5364 2.32729 5.263 104.802 18 13.3813 3.6 
2.71851 75.5534 13.679 14.053 2.5648 2.96782 125.09 10.7511 22.2611 1.97104 4.29519 84.6284 11.5675 21.9574 2.31351 5.02307 99.9914 18 22.3152 3.6  0 0 0 0 0
6.95639 60.5553 16 16.1636 3 2.90128 114.396 15.7102 14.8069 2.94565 2.96558 112.856 10.8249 22.2725 1.98456 4.29139 100.818 11.5709 13.2128 2.31419 4.98826 110.101 18 19.7095 3.6 
6.92166 76.2788 16 13.6555 3 2.8364 96.4258 16 16.0252 3 2.96765 115.917 10.5191 21.587 1.9285 4.2909 70.4243 12.1508 24.5326 2.43015 4.98185 72.3126 18 11.0244 3.6 
6.87582 101.191 16 12.3763 3 2.82892 51.5085 16 11.709 3 2.83951 130.256 10.2553 22.0394 1.88014 4.25814 63.8187 17.8044 20.8622 3.56089 4.97691 87.8693 18 19.6401 3.6 
6.8374 122.867 16 15.389 3 2.83318 74.246 16 10.5368 3 2.82597 124.33 10.1588 19.8599 1.86245 4.27934 58.2585 18 19.6375 3.6 4.97078 108.752 18 16.6483 3.6 
6.77916 79.3697 16 17.485 3 2.82765 57.5337 16 13.7789 3 2.83887 144.295 10.1727 22.7939 1.86499 4.26785 95.1459 18 24.24 3.6 4.95559 130.579 18 18.3478 3.6 
6.73951 81.1544 16 14.8544 3 2.82849 76.4604 16 17.2559 3 2.83217 122.441 10.1857 24.2048 1.86737 4.33803 111.9 18 16.7459 3.6 4.95478 124.536 18 24.4564 3.6 
6.70848 92.6405 16 17.812 3 2.81221 122.397 10.1735 18.5074 1.86515 4.30055 64.9325 18 18.6425 3.6 4.96036 101.471 18 14.2948 3.6  0 0 0 0 0
6.66117 89.5897 16 14.2952 3 2.7185 116.526 9.61145 24.4397 1.7621 4.25213 114.751 17.4918 14.2857 3.49835 4.95196 118 18 15.5345 3.6  0 0 0 0 0
6.62074 79.626 16 12.8411 3 2.716 127.548 9.66735 23.0805 1.77235 4.21282 72.7647 17.4719 16.7624 3.49438 4.93843 83.3512 18 14.1667 3.6  0 0 0 0 0
6.58277 68.1689 16 15.6991 3 2.71173 118.014 9.48661 24.9185 1.73921 4.17535 89.7618 17.0216 17.6099 3.40431 4.92201 110.275 18 15.354 3.6  0 0 0 0 0
6.54877 74.0302 16 14.7835 3 2.7208 107.051 9.52488 18.4984 1.74623 4.13425 79.0221 11.6747 15.3161 2.33494 4.72662 80.4949 18 22.2645 3.6  0 0 0 0 0
6.48778 72.3039 16 19.4139 3 2.71688 120.881 9.94435 21.1579 1.82313 4.06975 87.4241 11.8206 18.3459 2.36412 4.71989 63.5464 18 14.0046 3.6  0 0 0 0 0
6.4462 85.2618 16 15.5939 3 2.80204 112.13 10.2118 21.2571 1.87216 3.80374 83.8113 10.747 16.251 2.14939 4.70311 76.4823 18 18.9851 3.6  0 0 0 0 0
6.39611 85.336 16 16.8133 3 2.89928 109.802 10.7809 21.6365 1.97649 3.74473 86.1647 10.6326 22.0159 2.12652 4.69495 80.221 18 10.9937 3.6  0 0 0 0 0
6.35114 68.8392 16 16.9889 3 3.03456 108.58 11.5875 19.2688 2.12438 3.70529 90.1844 10.5576 18.8992 2.11151 4.69213 88.3324 18 16.1694 3.6  0 0 0 0 0
6.31503 54.9044 16 19.7295 3 3.1686 113.311 12.1798 20.9286 2.23297 3.66182 90.5452 10.4629 20.313 2.09259 4.69377 88.6299 18 17.6666 3.6  0 0 0 0 0
6.28052 90.3086 16 14.6883 3 3.03453 102.254 17.0901 17.8056 3.13319 3.63777 94.1773 10.413 17.4277 2.0826 4.67047 90.6491 18 15.2829 3.6  0 0 0 0 0
6.24542 84.6715 16 18.5631 3 2.69886 81.9846 19.9759 20.8008 3.66224 3.63799 88.9145 16.3606 20.9649 3.27213 4.66254 97.2135 18 15.6282 3.6  0 0 0 0 0
6.20427 44.0856 16 20.2867 3 2.68724 126.082 21.0347 19.2445 3.85636 3.64572 84.6431 16.3947 9.8203 3.27894 4.65404 79.7239 18 21.3454 3.6  0 0 0 0 0
6.16862 58.6815 16 13.11 3 2.67954 118.075 20.9877 19.4617 3.84775 3.64981 77.9498 15.6888 18.8563 3.13777 4.65639 96.8648 12.3116 18.1836 2.46232  0 0 0 0 0
6.12777 119.191 16 17.77 3 2.67184 138.691 21.7723 22.1922 3.9916 3.6413 97.0796 16.0684 15.5211 3.21367 4.64892 108.679 12.3198 18.4302 2.46397  0 0 0 0 0
6.09596 70.9327 16 13.3726 3 2.67225 106.437 23.2271 24.9219 4.25831 3.53823 83.4008 18 15.3298 3.6 4.49021 88.1796 18 17.164 3.6  0 0 0 0 0
6.06383 66.7662 16 12.5368 3 2.66251 90.2646 24 16.3511 4.4 3.71976 89.2276 10.8963 23.509 2.17927 4.9921 68.7947 18 13.3887 3.6  0 0 0 0 0
6.01051 79.4269 16 15.9592 3 2.6585 172.289 24 23 4.4 3.44221 91.1929 10.1625 19.7187 2.03249 4.48 112.376 18 17.8097 3.6  0 0 0 0 0
5.96615 86.9783 16 13.6155 3 2.65064 101.848 24 21.1519 4.4 3.38917 85.5849 9.86733 17.7225 1.97347 4.482 79.8033 12.1012 15.0746 2.42024  0 0 0 0 0
5.91712 73.6439 16 15.8431 3 3.33822 88.255 9.77645 20.6038 1.95529 4.30902 82.8632 18 23.3503 3.6  0 0 0 0 0 0 0 0 0 0
5.88857 82.5294 16 11.0844 3 3.30211 84.7351 9.66376 21.1818 1.93275 4.45538 93.7348 14.2906 22.2488 2.85811  0 0 0 0 0 0 0 0 0 0
5.85266 64.2625 16 13.6796 3 3.26299 100.253 9.7537 18.7223 1.95074 4.45934 104.58 14.5858 13.4156 2.91717  0 0 0 0 0 0 0 0 0 0
5.8357 89.7719 16 14.2263 3 3.24185 74.9123 9.51645 16.9128 1.90329 4.45523 81.2698 14.7003 21.9313 2.94006  0 0 0 0 0 0 0 0 0 0
5.79769 75.2972 16 12.6109 3 3.19839 91.8181 15.0655 18.8072 3.01311 4.32701 77.654 14.7156 17.4087 2.94313  0 0 0 0 0 0 0 0 0 0
5.77157 65.1708 16 18.9537 3 3.19657 92.032 15.5982 17.7007 3.11964 4.31933 84.777 14.1617 13.3836 2.83233  0 0 0 0 0 0 0 0 0 0
5.7388 86.9809 16 20.6853 3 3.19372 69.1057 15.2333 16.6183 3.04667 4.30783 74.0606 14.0042 25.2071 2.80084  0 0 0 0 0 0 0 0 0 0
5.71804 98.3515 16 14.7153 3 3.1907 80.432 15.1746 16.874 3.03492 4.30181 85.1509 13.9893 18.4859 2.79785  0 0 0 0 0 0 0 0 0 0
5.68577 82.1649 16 11.1437 3 3.18908 101.8 15.2089 18.59 3.04177 4.30045 58.3082 15.5884 19.4614 3.11769  0 0 0 0 0 0 0 0 0 0
5.64271 89.8156 16 17.3812 3 3.14381 84.8394 9.32676 19.9019 1.86535 4.30167 112.493 18 15.1753 3.6  0 0 0 0 0 0 0 0 0 0
5.60048 91.299 16 15.3133 3 3.09255 90.481 9.12738 16.6207 1.82548 4.29136 79.5252 18 17.074 3.6  0 0 0 0 0 0 0 0 0 0
5.55831 73.2336 16 10.5704 3 3.04496 84.1506 9.14505 19.185 1.82901 4.28059 74.2535 18 16.8091 3.6  0 0 0 0 0 0 0 0 0 0
5.51991 64.1402 16 13.3588 3 2.99626 94.2148 9.18015 18.6847 1.83603 4.27197 89.5525 18 18.0402 3.6  0 0 0 0 0 0 0 0 0 0
5.48493 87.0732 16 21.4727 3 2.95928 77.3423 8.74838 16.223 1.74968 4.25937 85.633 18 16.9278 3.6  0 0 0 0 0 0 0 0 0 0
5.44991 84.0508 16 8.40731 3 2.91456 77.4225 15.5539 16.4245 3.11078 4.26344 91.2113 18 12.3387 3.6  0 0 0 0 0 0 0 0 0 0
5.42405 75.3926 16 14.5109 3 2.88181 102.031 14.8195 15.8282 2.9639 4.2507 88.5564 18 15.1245 3.6  0 0 0 0 0 0 0 0 0 0
5.3948 61.0515 16 13.024 3 2.85335 96.9391 14.9368 15.8291 2.98736 4.24475 64.3582 18 11.8819 3.6  0 0 0 0 0 0 0 0 0 0
5.36878 82.9325 16 20.8054 3 2.95689 80.5124 8.53911 18.0234 1.70782  0 0 0 0 0 0 0 0 0 0 0 0 0 0 0
5.33671 59.9722 16 18.0274 3 2.85224 86.8581 8.17653 17.4793 1.63531  0 0 0 0 0 0 0 0 0 0 0 0 0 0 0
5.29704 72.7872 16 9.70399 3 2.85226 81.7209 8.20126 16.7019 1.64025  0 0 0 0 0 0 0 0 0 0 0 0 0 0 0
5.2647 61.121 16 15.0612 3 2.82656 78.058 8.13867 18.3906 1.62773  0 0 0 0 0 0 0 0 0 0 0 0 0 0 0
5.23814 110.348 16 17.382 3 2.79454 83.6681 8.03297 17.7943 1.60659  0 0 0 0 0 0 0 0 0 0 0 0 0 0 0
5.20266 90.7381 16 11.203 3 2.75262 89.097 8.11994 17.4153 1.62399  0 0 0 0 0 0 0 0 0 0 0 0 0 0 0
5.16763 78.1679 16 18.1353 3 2.70562 109.026 15.3913 16.5785 3.07826  0 0 0 0 0 0 0 0 0 0 0 0 0 0 0
5.13412 100.769 16 13.4868 3 2.80923 82.4189 8.33313 18.8362 1.66663  0 0 0 0 0 0 0 0 0 0 0 0 0 0 0
5.10281 56.2002 16 13.7877 3 2.62509 90.7822 7.38876 21.5581 1.47775  0 0 0 0 0 0 0 0 0 0 0 0 0 0 0
5.07102 57.3628 16 13.0301 3 2.59329 93.3133 7.38393 18.1418 1.47679  0 0 0 0 0 0 0 0 0 0 0 0 0 0 0
5.04333 90.0596 16 10.6829 3 2.5859 99.8039 7.18457 17.8932 1.43691  0 0 0 0 0 0 0 0 0 0 0 0 0 0 0
5.00455 106.538 16 16.5513 3 2.58574 81.6361 7.2931 19.2782 1.45862  0 0 0 0 0 0 0 0 0 0 0 0 0 0 0
4.96483 97.2091 15.9932 12.2616 2.99873 2.58631 97.5295 7.23564 16.676 1.44713  0 0 0 0 0 0 0 0 0 0 0 0 0 0 0
4.92853 100.895 16 15.7754 3 2.54707 72.3991 7.0917 16.2188 1.41834  0 0 0 0 0 0 0 0 0 0 0 0 0 0 0
4.88044 97.2531 16 15.3501 3 2.47716 85.218 6.64313 14.7416 1.32863  0 0 0 0 0 0 0 0 0 0 0 0 0 0 0
4.85407 70.422 16 11.6553 3 2.43961 92.9294 6.70798 18.087 1.3416  0 0 0 0 0 0 0 0 0 0 0 0 0 0 0
4.82303 59.1887 16 13.3251 3 2.401 83.9725 6.46189 16.7445 1.29238  0 0 0 0 0 0 0 0 0 0 0 0 0 0 0
4.78671 65.2709 16 7.64892 3 2.37706 87.9369 6.38539 18.8305 1.27708  0 0 0 0 0 0 0 0 0 0 0 0 0 0 0
4.75187 75.2458 16 18.318 3 2.37717 92.3104 6.21099 19.4994 1.2422  0 0 0 0 0 0 0 0 0 0 0 0 0 0 0
4.7163 64.6192 16 16.4654 3 2.38087 82.862 6.30113 19.106 1.26023  0 0 0 0 0 0 0 0 0 0 0 0 0 0 0
4.68054 90.4488 16 13.1741 3 2.35451 85.0385 6.14646 15.9794 1.22929  0 0 0 0 0 0 0 0 0 0 0 0 0 0 0
4.64543 67.5206 16 16.3221 3 2.30426 87.5807 5.77691 17.659 1.15538  0 0 0 0 0 0 0 0 0 0 0 0 0 0 0
4.61424 65.8117 16 14.4832 3 2.26044 85.5176 5.52595 17.3046 1.10519  0 0 0 0 0 0 0 0 0 0 0 0 0 0 0
4.57636 54.8777 16 17.0579 3 2.21153 97.5925 5.37852 17.6366 1.0757  0 0 0 0 0 0 0 0 0 0 0 0 0 0 0
4.55133 85.6926 16 12.1907 3 2.20899 97.0785 5.38252 18.2063 1.0765  0 0 0 0 0 0 0 0 0 0 0 0 0 0 0
4.50123 95.0044 16 14.6857 3 2.25649 87.3488 5.65687 17.3793 1.13137  0 0 0 0 0 0 0 0 0 0 0 0 0 0 0
4.47622 80.2435 16 15.8271 3 2.21649 82.5991 5.4772 18.2908 1.09544  0 0 0 0 0 0 0 0 0 0 0 0 0 0 0
4.43535 113.258 16 11.2736 3 2.15697 90.8503 5.08145 19.5498 1.01629  0 0 0 0 0 0 0 0 0 0 0 0 0 0 0
4.40166 75.3494 16 13.2965 3 2.11202 93.9888 4.80628 17.397 0.961256  0 0 0 0 0 0 0 0 0 0 0 0 0 0 0
4.36246 67.9454 16 15.1453 3 2.22811 89.5431 5.51076 18.8549 1.10215  0 0 0 0 0 0 0 0 0 0 0 0 0 0 0
4.29525 52.6027 16 13.154 3 2.11378 95.758 4.85155 17.4374 0.970309  0 0 0 0 0 0 0 0 0 0 0 0 0 0 0
4.26235 82.4061 16 13.697 3 2.05739 95.2666 4.53353 17.836 0.906706  0 0 0 0 0 0 0 0 0 0 0 0 0 0 0
4.21395 56.2763 16 12.2277 3 2.17547 87.1131 5.22045 19.1187 1.04409  0 0 0 0 0 0 0 0 0 0 0 0 0 0 0
4.17666 65.1236 16 19.8756 3 2.10673 93.9729 5.02786 16.8773 1.00557  0 0 0 0 0 0 0 0 0 0 0 0 0 0 0
4.1304 92.7878 16 9.8395 3 2.02426 88.576 4.57878 18.6422 0.915755  0 0 0 0 0 0 0 0 0 0 0 0 0 0 0
4.08884 48.6762 16 13.0624 3 2.17865 93.406 5.37776 17.7983 1.07555  0 0 0 0 0 0 0 0 0 0 0 0 0 0 0
4.04761 76.1686 15.5846 18.0906 2.92211 2.0962 91.0719 4.96002 18.8391 0.992005  0 0 0 0 0 0 0 0 0 0 0 0 0 0 0
4.00987 77.085 15.0326 15.2175 2.81862 2.01352 97.9866 4.50718 18.6647 0.901436  0 0 0 0 0 0 0 0 0 0 0 0 0 0 0
3.96822 105.694 16 10.5293 3 2.19828 67.4643 16.086 20.3092 3.2172  0 0 0 0 0 0 0 0 0 0 0 0 0 0 0
3.9276 116.73 15.5075 19.3444 2.90766 2.04366 79.7865 16.6357 16.5431 3.32713  0 0 0 0 0 0 0 0 0 0 0 0 0 0 0
3.89453 61.3136 14.934 19.7941 2.80012 2.04822 79.5693 14.0979 19.0328 2.81958  0 0 0 0 0 0 0 0 0 0 0 0 0 0 0
3.85538 87.9934 14.44 14.2043 2.70751 2.04172 75.3878 12.8999 18.1959 2.57999  0 0 0 0 0 0 0 0 0 0 0 0 0 0 0
3.81774 66.5883 13.9648 13.4141 2.6184 1.9154 88.8802 13.839 15.8793 2.7678  0 0 0 0 0 0 0 0 0 0 0 0 0 0 0
3.78101 78.3334 14.4241 15.073 2.70453 1.9153 99.8574 12.5165 17.8308 2.5033  0 0 0 0 0 0 0 0 0 0 0 0 0 0 0
3.73638 68.5816 13.7466 12.1618 2.57749 1.81524 102.36 11.0659 21.7657 2.21318  0 0 0 0 0 0 0 0 0 0 0 0 0 0 0
3.70196 52.9697 13.8482 10.9595 2.59654 1.80994 95.2219 10.6124 17.8634 2.12248  0 0 0 0 0 0 0 0 0 0 0 0 0 0 0
3.66982 98.1799 13.5263 12.345 2.53619 1.74587 98.8292 11.8829 20.3725 2.37658  0 0 0 0 0 0 0 0 0 0 0 0 0 0 0
3.63575 93.9767 13.8478 15.168 2.59646 1.72431 84.7691 11.2951 17.5855 2.25902  0 0 0 0 0 0 0 0 0 0 0 0 0 0 0
3.61516 81.7792 13.5739 12.8543 2.5451 1.72559 78.757 11.5369 20.1079 2.30737  0 0 0 0 0 0 0 0 0 0 0 0 0 0 0
3.57347 76.6603 13.4226 15.0455 2.51673 1.74999 84.0425 10.0819 18.7932 2.01637  0 0 0 0 0 0 0 0 0 0 0 0 0 0 0
3.5162 76.3903 13.1425 20.8628 2.46421 1.65552 78.2702 9.99545 17.4306 1.99909  0 0 0 0 0 0 0 0 0 0 0 0 0 0 0
3.47456 76.3979 12.9915 11.1758 2.4359 1.65359 86.7341 9.77245 20.8973 1.95449  0 0 0 0 0 0 0 0 0 0 0 0 0 0 0
3.44309 75.7008 13.279 12.0312 2.48982 1.65399 84.4198 8.95907 17.8144 1.79181  0 0 0 0 0 0 0 0 0 0 0 0 0 0 0
3.41134 87.6303 13.0583 15.5406 2.44843 1.65528 96.1408 9.93725 19.2359 1.98745  0 0 0 0 0 0 0 0 0 0 0 0 0 0 0
3.37249 71.4656 12.8289 18.7805 2.40543 1.65616 112.764 11.6149 21.0553 2.32299  0 0 0 0 0 0 0 0 0 0 0 0 0 0 0
3.34685 72.6834 13.0265 11.3204 2.44247 1.65588 76.107 11.4524 15.7261 2.29048  0 0 0 0 0 0 0 0 0 0 0 0 0 0 0
3.31459 63.7878 12.8779 15.6299 2.4146 1.65342 89.9887 10.1063 16.9461 2.02125  0 0 0 0 0 0 0 0 0 0 0 0 0 0 0
3.28885 63.1514 13.0486 17.0574 2.44662 1.65653 87.4459 9.32206 17.758 1.86441  0 0 0 0 0 0 0 0 0 0 0 0 0 0 0
3.24647 75.5114 12.6809 19.7223 2.37767 1.65367 99.6021 13.677 20.4068 2.73541  0 0 0 0 0 0 0 0 0 0 0 0 0 0 0
3.20362 58.2478 12.6344 15.5046 2.36895 1.65354 78.2836 13.8327 16.369 2.76655  0 0 0 0 0 0 0 0 0 0 0 0 0 0 0
3.1575 57.3099 12.5466 13.2937 2.35249 1.65412 84.1979 13.9416 14.7667 2.78833  0 0 0 0 0 0 0 0 0 0 0 0 0 0 0
3.11041 81.4906 12.4404 17.5339 2.33257  0 0 0 0 0 0 0 0 0 0 0 0 0 0 0 0 0 0 0 0
3.0848 84.2535 12.5914 14.8708 2.36088  0 0 0 0 0 0 0 0 0 0 0 0 0 0 0 0 0 0 0 0
3.04026 67.4146 12.2429 14.2522 2.29554  0 0 0 0 0 0 0 0 0 0 0 0 0 0 0 0 0 0 0 0
3.00523 78.1687 12.3422 14.8628 2.31416  0 0 0 0 0 0 0 0 0 0 0 0 0 0 0 0 0 0 0 0
2.97738 101.836 12.4044 16.6448 2.32582  0 0 0 0 0 0 0 0 0 0 0 0 0 0 0 0 0 0 0 0
2.94694 77.678 12.2388 16.7779 2.29478  0 0 0 0 0 0 0 0 0 0 0 0 0 0 0 0 0 0 0 0
2.92238 77.8909 12.3559 17.5734 2.31673  0 0 0 0 0 0 0 0 0 0 0 0 0 0 0 0 0 0 0 0
2.88889 80.9312 12.2752 16.2672 2.3016  0 0 0 0 0 0 0 0 0 0 0 0 0 0 0 0 0 0 0 0
2.85043 57.674 11.9624 18.7031 2.24294  0 0 0 0 0 0 0 0 0 0 0 0 0 0 0 0 0 0 0 0
2.81635 84.1536 11.927 14.1358 2.23632  0 0 0 0 0 0 0 0 0 0 0 0 0 0 0 0 0 0 0 0
2.79548 88.0205 12.2446 17.3228 2.29587  0 0 0 0 0 0 0 0 0 0 0 0 0 0 0 0 0 0 0 0
2.7617 48.1118 11.9634 14.607 2.24315  0 0 0 0 0 0 0 0 0 0 0 0 0 0 0 0 0 0 0 0
2.73282 83.9617 11.7356 13.6691 2.20042  0 0 0 0 0 0 0 0 0 0 0 0 0 0 0 0 0 0 0 0
2.70763 95.002 11.9529 17.6436 2.24117  0 0 0 0 0 0 0 0 0 0 0 0 0 0 0 0 0 0 0 0
2.66707 63.1576 11.4401 15.6881 2.14501  0 0 0 0 0 0 0 0 0 0 0 0 0 0 0 0 0 0 0 0
2.64616 71.4569 11.6547 15.7471 2.18526  0 0 0 0 0 0 0 0 0 0 0 0 0 0 0 0 0 0 0 0
2.61136 83.3957 10.9918 13.9086 2.06097  0 0 0 0 0 0 0 0 0 0 0 0 0 0 0 0 0 0 0 0
2.58511 90.8289 10.418 16.9652 1.95337  0 0 0 0 0 0 0 0 0 0 0 0 0 0 0 0 0 0 0 0
2.56559 79.7358 11.1815 11.9614 2.09653  0 0 0 0 0 0 0 0 0 0 0 0 0 0 0 0 0 0 0 0
2.5389 103.826 10.458 17.4277 1.96087  0 0 0 0 0 0 0 0 0 0 0 0 0 0 0 0 0 0 0 0
2.50901 83.6336 10.345 12.054 1.93968  0 0 0 0 0 0 0 0 0 0 0 0 0 0 0 0 0 0 0 0
2.47573 81.668 10.2309 12.8487 1.9183  0 0 0 0 0 0 0 0 0 0 0 0 0 0 0 0 0 0 0 0
2.46272 87.2827 10.2131 10.7807 1.91496  0 0 0 0 0 0 0 0 0 0 0 0 0 0 0 0 0 0 0 0
2.42491 76.3173 10.1956 17.3529 1.91167  0 0 0 0 0 0 0 0 0 0 0 0 0 0 0 0 0 0 0 0
2.397 77.0792 10.0682 14.4343 1.88778  0 0 0 0 0 0 0 0 0 0 0 0 0 0 0 0 0 0 0 0
2.38226 71.3556 9.79474 15.8648 1.83651  0 0 0 0 0 0 0 0 0 0 0 0 0 0 0 0 0 0 0 0
2.3549 98.8953 9.57849 14.7552 1.79597  0 0 0 0 0 0 0 0 0 0 0 0 0 0 0 0 0 0 0 0
2.34364 78.6071 9.77581 12.5149 1.83297  0 0 0 0 0 0 0 0 0 0 0 0 0 0 0 0 0 0 0 0
2.31436 79.7241 9.54518 16.7103 1.78972  0 0 0 0 0 0 0 0 0 0 0 0 0 0 0 0 0 0 0 0
2.29923 68.9392 9.40462 14.9987 1.76337  0 0 0 0 0 0 0 0 0 0 0 0 0 0 0 0 0 0 0 0
2.26563 79.6697 9.12768 15.0387 1.71144  0 0 0 0 0 0 0 0 0 0 0 0 0 0 0 0 0 0 0 0
2.24241 78.0324 8.56633 14.1476 1.60619  0 0 0 0 0 0 0 0 0 0 0 0 0 0 0 0 0 0 0 0
2.20219 85.0565 8.44747 16.5811 1.5839  0 0 0 0 0 0 0 0 0 0 0 0 0 0 0 0 0 0 0 0
2.17253 87.9203 8.30818 14.4753 1.55778  0 0 0 0 0 0 0 0 0 0 0 0 0 0 0 0 0 0 0 0
2.14277 100.117 7.97304 17.4164 1.49494  0 0 0 0 0 0 0 0 0 0 0 0 0 0 0 0 0 0 0 0
2.1166 55.6609 7.89091 12.6415 1.47955  0 0 0 0 0 0 0 0 0 0 0 0 0 0 0 0 0 0 0 0
2.09332 81.0951 7.78784 15.7457 1.46022  0 0 0 0 0 0 0 0 0 0 0 0 0 0 0 0 0 0 0 0
2.07221 71.8027 7.76673 13.2376 1.45626  0 0 0 0 0 0 0 0 0 0 0 0 0 0 0 0 0 0 0 0
2.04151 98.5964 7.18487 15.8634 1.34716  0 0 0 0 0 0 0 0 0 0 0 0 0 0 0 0 0 0 0 0
2.01758 78.306 7.05632 16.846 1.32306  0 0 0 0 0 0 0 0 0 0 0 0 0 0 0 0 0 0 0 0
1.97689 72.4514 6.74343 13.4243 1.26439  0 0 0 0 0 0 0 0 0 0 0 0 0 0 0 0 0 0 0 0
1.93817 89.5578 6.6111 12.6835 1.23958  0 0 0 0 0 0 0 0 0 0 0 0 0 0 0 0 0 0 0 0
1.9192 87.2372 6.67249 16.1505 1.25109  0 0 0 0 0 0 0 0 0 0 0 0 0 0 0 0 0 0 0 0
1.90074 80.6909 6.48274 15.6169 1.21551  0 0 0 0 0 0 0 0 0 0 0 0 0 0 0 0 0 0 0 0
1.87821 81.0698 6.36327 16.0307 1.19311  0 0 0 0 0 0 0 0 0 0 0 0 0 0 0 0 0 0 0 0
1.84829 90.6489 6.07543 14.6301 1.13914  0 0 0 0 0 0 0 0 0 0 0 0 0 0 0 0 0 0 0 0
1.82744 82.3989 5.84314 17.2321 1.09559  0 0 0 0 0 0 0 0 0 0 0 0 0 0 0 0 0 0 0 0
1.79271 72.0971 5.52491 16.0077 1.03592  0 0 0 0 0 0 0 0 0 0 0 0 0 0 0 0 0 0 0 0
1.76299 84.4963 5.19157 15.4167 0.97342  0 0 0 0 0 0 0 0 0 0 0 0 0 0 0 0 0 0 0 0
1.73443 78.039 4.94045 14.7419 0.926335  0 0 0 0 0 0 0 0 0 0 0 0 0 0 0 0 0 0 0 0
1.70772 75.4496 4.67471 14.9756 0.876508  0 0 0 0 0 0 0 0 0 0 0 0 0 0 0 0 0 0 0 0
1.68201 76.9827 4.33056 14.3402 0.81198  0 0 0 0 0 0 0 0 0 0 0 0 0 0 0 0 0 0 0 0
1.65301 78.8877 3.9513 14.8188 0.740869  0 0 0 0 0 0 0 0 0 0 0 0 0 0 0 0 0 0 0 0
1.62528 86.2466 3.64333 15.6031 0.683124  0 0 0 0 0 0 0 0 0 0 0 0 0 0 0 0 0 0 0 0
1.59821 83.3795 3.2793 15.7483 0.61487  0 0 0 0 0 0 0 0 0 0 0 0 0 0 0 0 0 0 0 0
1.57385 78.1028 3.04247 15.0093 0.570462  0 0 0 0 0 0 0 0 0 0 0 0 0 0 0 0 0 0 0 0
1.55043 78.4056 2.56215 13.9563 0.480403  0 0 0 0 0 0 0 0 0 0 0 0 0 0 0 0 0 0 0 0
1.52731 81.4884 2.23231 15.1181 0.418559  0 0 0 0 0 0 0 0 0 0 0 0 0 0 0 0 0 0 0 0
1.50117 79.4552 1.83784 14.8645 0.344594  0 0 0 0 0 0 0 0 0 0 0 0 0 0 0 0 0 0 0 0
1.47229 79.2995 1.32587 15.1697 0.2486  0 0 0 0 0 0 0 0 0 0 0 0 0 0 0 0 0 0 0 0
1.42548 80.5832 0.8 14.9916 0.15  0 0 0 0 0 0 0 0 0 0 0 0 0 0 0 0 0 0 0 0
1.39394 80.7309 0.8 14.9198 0.15  0 0 0 0 0 0 0 0 0 0 0 0 0 0 0 0 0 0 0 0
1.35479 80.0694 0.8 14.9247 0.15  0 0 0 0 0 0 0 0 0 0 0 0 0 0 0 0 0 0 0 0
1.32157 79.7927 0.8 14.8691 0.15  0 0 0 0 0 0 0 0 0 0 0 0 0 0 0 0 0 0 0 0
1.28744 79.6864 0.8 15.1096 0.15  0 0 0 0 0 0 0 0 0 0 0 0 0 0 0 0 0 0 0 0
1.2633 80.1821 0.8 15.0404 0.15  0 0 0 0 0 0 0 0 0 0 0 0 0 0 0 0 0 0 0 0
1.2412 81.8061 0.8 14.7833 0.15  0 0 0 0 0 0 0 0 0 0 0 0 0 0 0 0 0 0 0 0
1.21533 79.725 0.8 14.9747 0.15  0 0 0 0 0 0 0 0 0 0 0 0 0 0 0 0 0 0 0 0
1.1933 80.2737 0.8 15.0928 0.15  0 0 0 0 0 0 0 0 0 0 0 0 0 0 0 0 0 0 0 0
1.18351 79.484 0.8 15.071 0.15  0 0 0 0 0 0 0 0 0 0 0 0 0 0 0 0 0 0 0 0
1.16912 80.2571 0.8 15.1219 0.15  0 0 0 0 0 0 0 0 0 0 0 0 0 0 0 0 0 0 0 0
1.16921 78.8059 0.8 14.7227 0.15  0 0 0 0 0 0 0 0 0 0 0 0 0 0 0 0 0 0 0 0
1.16912 80.2964 0.8 15.1279 0.15  0 0 0 0 0 0 0 0 0 0 0 0 0 0 0 0 0 0 0 0
1.16917 78.7122 0.8 14.8987 0.15  0 0 0 0 0 0 0 0 0 0 0 0 0 0 0 0 0 0 0 0
1.16916 79.6666 0.8 15.0868 0.15  0 0 0 0 0 0 0 0 0 0 0 0 0 0 0 0 0 0 0 0
1.16913 80.4986 0.8 14.8911 0.15  0 0 0 0 0 0 0 0 0 0 0 0 0 0 0 0 0 0 0 0
1.16932 80.2028 0.8 15.2236 0.15  0 0 0 0 0 0 0 0 0 0 0 0 0 0 0 0 0 0 0 0
1.16919 80.8693 0.8 14.9521 0.15  0 0 0 0 0 0 0 0 0 0 0 0 0 0 0 0 0 0 0 0
1.16926 79.3985 0.8 14.8618 0.15  0 0 0 0 0 0 0 0 0 0 0 0 0 0 0 0 0 0 0 0
1.16914 80.3549 0.8 14.9741 0.15  0 0 0 0 0 0 0 0 0 0 0 0 0 0 0 0 0 0 0 0
1.16923 80.1956 0.8 15.3394 0.15  0 0 0 0 0 0 0 0 0 0 0 0 0 0 0 0 0 0 0 0
1.16913 79.2428 0.8 14.9091 0.15  0 0 0 0 0 0 0 0 0 0 0 0 0 0 0 0 0 0 0 0
1.16928 79.9512 0.8 15.0109 0.15  0 0 0 0 0 0 0 0 0 0 0 0 0 0 0 0 0 0 0 0
1.16914 78.9112 0.8 15.1441 0.15  0 0 0 0 0 0 0 0 0 0 0 0 0 0 0 0 0 0 0 0
1.16915 80.1712 0.8 14.8668 0.15  0 0 0 0 0 0 0 0 0 0 0 0 0 0 0 0 0 0 0 0
1.16912 80.6176 0.8 14.9429 0.15  0 0 0 0 0 0 0 0 0 0 0 0 0 0 0 0 0 0 0 0
