0 0 0 0 0
0 0 0 0 0
0 0 0 0 0
0 0 0 0 0
0 0 0 0 0
0 0 0 0 0
0 0 0 0 0
0 0 0 0 0
0 0 0 0 0
0 0 0 0 0
0 0 0 0 0
0 0 0 0 0
0 0 0 0 0
0 0 0 0 0
0 0 0 0 0
0 0 0 0 0
0 0 0 0 0
0 0 0 0 0
0 0 0 0 0
0 0 0 0 0
0 0 0 0 0
0 0 0 0 0
0 0 0 0 0
0 0 0 0 0
0 0 0 0 0
0 0 0 0 0
0 0 0 0 0
0 0 0 0 0
0 0 0 0 0
0 0 0 0 0
0 0 0 0 0
0 0 0 0 0
0 0 0 0 0
0 0 0 0 0
0 0 0 0 0
0 0 0 0 0
0 0 0 0 0
0 0 0 0 0
0 0 0 0 0
0 0 0 0 0
0 0 0 0 0
0 0 0 0 0
0 0 0 0 0
0 0 0 0 0
0 0 0 0 0
0 0 0 0 0
0 0 0 0 0
0 0 0 0 0
0 0 0 0 0
0 0 0 0 0
0 0 0 0 0
0 0 0 0 0
0 0 0 0 0
0 0 0 0 0
0 0 0 0 0
0 0 0 0 0
0 0 0 0 0
0 0 0 0 0
0 0 0 0 0
0 0 0 0 0
0 0 0 0 0
0 0 0 0 0
0 0 0 0 0
0 0 0 0 0
0 0 0 0 0
0 0 0 0 0
0 0 0 0 0
0 0 0 0 0
0 0 0 0 0
0 0 0 0 0
0 0 0 0 0
0 0 0 0 0
0 0 0 0 0
0 0 0 0 0
0 0 0 0 0
0 0 0 0 0
0 0 0 0 0
0 0 0 0 0
0 0 0 0 0
0 0 0 0 0
0 0 0 0 0
0 0 0 0 0
0 0 0 0 0
0 0 0 0 0
0 0 0 0 0
0 0 0 0 0
0 0 0 0 0
0 0 0 0 0
0 0 0 0 0
0 0 0 0 0
0 0 0 0 0
0 0 0 0 0
0 0 0 0 0
0 0 0 0 0
0 0 0 0 0
0 0 0 0 0
0 0 0 0 0
0 0 0 0 0
0 0 0 0 0
0 0 0 0 0
0 0 0 0 0
0 0 0 0 0
0 0 0 0 0
0 0 0 0 0
0 0 0 0 0
0 0 0 0 0
0 0 0 0 0
0 0 0 0 0
0 0 0 0 0
0 0 0 0 0
0 0 0 0 0
0 0 0 0 0
0 0 0 0 0
0 0 0 0 0
0 0 0 0 0
0 0 0 0 0
0 0 0 0 0
0 0 0 0 0
0 0 0 0 0
0 0 0 0 0
0 0 0 0 0
0 0 0 0 0
0 0 0 0 0
0 0 0 0 0
0 0 0 0 0
0 0 0 0 0
0 0 0 0 0
0 0 0 0 0
0 0 0 0 0
0 0 0 0 0
0 0 0 0 0
0 0 0 0 0
0 0 0 0 0
0 0 0 0 0
0 0 0 0 0
0 0 0 0 0
0 0 0 0 0
0 0 0 0 0
0 0 0 0 0
0 0 0 0 0
0 0 0 0 0
0 0 0 0 0
0 0 0 0 0
0 0 0 0 0
11.5487 65.2354 16 17.7137 4
0 0 0 0 0
11.5344 98.5121 16 19.7948 4
0 0 0 0 0
0 0 0 0 0
0 0 0 0 0
0 0 0 0 0
0 0 0 0 0
0 0 0 0 0
0 0 0 0 0
0 0 0 0 0
0 0 0 0 0
0 0 0 0 0
11.3187 67.6015 16 27.337 4
0 0 0 0 0
0 0 0 0 0
0 0 0 0 0
0 0 0 0 0
0 0 0 0 0
0 0 0 0 0
0 0 0 0 0
0 0 0 0 0
0 0 0 0 0
0 0 0 0 0
0 0 0 0 0
11.1719 73.5204 16 21.5414 4
0 0 0 0 0
0 0 0 0 0
0 0 0 0 0
11.0637 75.0549 16 16.6038 4
0 0 0 0 0
11.0408 98.3776 16 24.0772 4
0 0 0 0 0
11.085 87.8478 16 22.2987 4
0 0 0 0 0
11.0345 72.0708 16 22.4469 4
0 0 0 0 0
0 0 0 0 0
0 0 0 0 0
0 0 0 0 0
11.017 95.7452 16 26.2115 4
10.9511 74.8685 16 18.3038 4
0 0 0 0 0
10.8883 73.0959 16 14.2458 4
0 0 0 0 0
0 0 0 0 0
10.8415 68.4794 16 20.1826 4
0 0 0 0 0
10.8783 81.7844 16 16.6788 4
0 0 0 0 0
10.8875 83.1016 16 20.3376 4
0 0 0 0 0
0 0 0 0 0
0 0 0 0 0
0 0 0 0 0
0 0 0 0 0
10.7627 72.3311 16 23.2305 4
0 0 0 0 0
0 0 0 0 0
0 0 0 0 0
0 0 0 0 0
10.587 69.635 16 18.3521 4
10.613 53.7995 16 23.12 4
0 0 0 0 0
10.6246 54.0801 16 19.7863 4
0 0 0 0 0
10.5514 84.1061 16 20.0304 4
10.5489 86.161 16 17.5215 4
10.6372 80.8087 16 19.9759 4
0 0 0 0 0
0 0 0 0 0
0 0 0 0 0
10.5268 91.3994 16 14.2125 4
0 0 0 0 0
0 0 0 0 0
0 0 0 0 0
0 0 0 0 0
0 0 0 0 0
0 0 0 0 0
0 0 0 0 0
0 0 0 0 0
0 0 0 0 0
0 0 0 0 0
0 0 0 0 0
0 0 0 0 0
10.2326 83.2894 16 18.2236 4
10.3732 49.7206 16 16.3675 4
0 0 0 0 0
10.2103 92.7642 16 13.813 4
0 0 0 0 0
10.1222 122.238 16 21.6473 4
10.111 91.7601 16 15.1549 4
0 0 0 0 0
0 0 0 0 0
0 0 0 0 0
0 0 0 0 0
10.2069 76.331 16 21.3126 4
0 0 0 0 0
0 0 0 0 0
0 0 0 0 0
0 0 0 0 0
0 0 0 0 0
0 0 0 0 0
10.0007 80.6098 16 12.9449 4
0 0 0 0 0
9.53213 98.7109 16 22.08 4
10.0412 91.3623 16 18.0311 4
9.97003 62.9528 16 21.0033 4
9.92208 52.0732 16 19.6371 4
0 0 0 0 0
0 0 0 0 0
9.4586 90.837 16 16.4064 4
0 0 0 0 0
0 0 0 0 0
9.42582 71.6261 16 24.848 4
0 0 0 0 0
0 0 0 0 0
0 0 0 0 0
0 0 0 0 0
0 0 0 0 0
9.34956 94.0206 16 14.7555 4
0 0 0 0 0
9.74827 81.3975 16 23.9302 4
9.82777 104.524 16 29.4194 4
9.29587 71.3609 16 27.2624 4
9.77726 87.4103 16 19.7266 4
9.27379 84.6 16 20.0571 4
0 0 0 0 0
0 0 0 0 0
9.91189 81.6078 16 21.0244 4
0 0 0 0 0
0 0 0 0 0
0 0 0 0 0
0 0 0 0 0
0 0 0 0 0
0 0 0 0 0
9.13487 67.7532 16 18.919 4
9.1239 86.6301 16 21.4111 4
9.63267 63.1669 16 21.074 4
9.5763 109.926 16 16.8933 4
0 0 0 0 0
9.06895 77.8132 16 22.094 4
9.68058 92.1596 16 16.5766 4
0 0 0 0 0
9.02662 68.6598 16 19.022 4
0 0 0 0 0
0 0 0 0 0
0 0 0 0 0
0 0 0 0 0
9.51977 96.5246 16 17.9449 4
0 0 0 0 0
9.49551 100.951 16 21.493 4
0 0 0 0 0
8.89654 64.8355 16 11.3648 4
8.88479 72.6853 16 15.13 4
8.86466 81.896 16 19.5209 4
8.85546 71.6258 16 18.0767 4
9.31039 75.9449 16 16.44 4
8.82196 104.102 16 13.5064 4
0 0 0 0 0
8.79072 83.5472 16 19.8516 4
0 0 0 0 0
9.33296 85.388 16 23.4033 4
8.73791 77.479 16 17.435 4
0 0 0 0 0
9.32881 66.2248 16 21.1755 4
8.69025 75.2655 16 14.6361 4
8.67994 58.4977 16 19.1378 4
8.6612 48.4285 16 22.2742 4
8.64792 75.7625 16 23.8368 4
8.62964 69.7037 16 24.7671 4
8.61551 94.5918 16 22.5865 4
8.59771 66.6283 16 24.8699 4
8.58615 57.2492 16 18.3359 4
0 0 0 0 0
8.55338 49.7019 16 25.7884 4
9.21454 71.0047 16 15.1309 4
8.97899 66.07 16 20.7408 4
9.16525 66.2137 16 21.7161 4
8.48925 66.1106 16 21.687 4
9.01361 101.51 16 16.5031 4
9.11073 84.0891 16 13.2153 4
8.43295 86.4288 16 13.7272 4
9.0245 91.5751 16 27.0305 4
9.07518 71.1806 16 20.1868 4
9.06437 81.5862 16 15.9224 4
9.03001 69.9993 16 27.0509 4
8.80678 82.3764 16 22.0599 4
8.9948 76.1302 16 17.2141 4
8.33425 75.8484 16 15.4557 4
8.32408 62.3516 16 16.8216 4
8.95899 93.3101 16 17.5391 4
8.29281 82.8632 16 19.0539 4
8.28149 61.5959 16 14.8943 4
8.26406 66.5872 16 17.1206 4
8.24979 102.344 16 16.9345 4
8.7386 78.9899 16 18.038 4
8.81408 63.943 16 18.6429 4
8.7856 77.1966 16 23.6569 4
8.17786 68.2148 16 22.5063 4
8.16655 51.8114 16 17.2989 4
8.15448 58.4187 16 23.2849 4
8.73335 68.4269 16 26.7172 4
0 0 0 0 0
8.72543 64.3309 16 20.1786 4
0 0 0 0 0
0 0 0 0 0
8.68654 81.1061 16 19.2962 4
0 0 0 0 0
0 0 0 0 0
8.05512 62.3831 16 15.3817 4
8.64494 82.0207 16 20.5339 4
8.02225 97.1114 16 21.3105 4
8.01116 109.294 16 20.6446 4
7.99218 71.4909 16 15.0585 4
7.97957 94.2774 16 20.0243 4
7.97168 53.7363 16 16.1881 4
7.95968 63.6092 16 26.4993 4
0 0 0 0 0
7.92911 88.8648 16 19.3318 4
0 0 0 0 0
8.4668 91.5652 16 16.4562 4
8.40884 82.7647 16 19.3041 4
8.4115 53.8348 16 21.4914 4
8.40788 38.7023 16 26.7238 4
7.84929 61.6166 16 16.4741 4
0 0 0 0 0
7.81814 89.4549 16 15.2056 4
7.80614 75.1146 16 30.6741 4
7.78722 90.6443 16 15.2716 4
7.77517 82.1713 16 19.6912 4
7.76918 44.0221 16 27.118 4
7.75543 93.3399 16 18.6829 4
7.74445 103.497 16 21.5964 4
7.72596 82.7299 16 24.9554 4
7.71309 76.6673 16 16.173 4
0 0 0 0 0
7.68392 102.784 16 18.9376 4
7.66599 59.5881 16 19.203 4
8.14172 50.3174 16 24.0419 4
7.63469 59.3917 16 13.661 4
7.62264 88.9462 16 12.5401 4
7.60231 85.9074 16 23.5141 4
7.58999 88.7873 16 14.9557 4
7.57355 63.3561 16 19.1258 4
7.56041 87.9413 16 14.7211 4
7.53719 105.029 16 18.2182 4
7.52324 90.3054 16 13.2544 4
7.50752 79.206 16 22.1744 4
7.49917 71.0128 16 19.5467 4
7.49081 93.7222 16 21.0038 4
0 0 0 0 0
0 0 0 0 0
7.4607 77.406 16 16.9112 4
7.44914 59.7814 16 21.1965 4
7.429 72.7225 16 25.5976 4
7.41861 78.8101 16 17.2391 4
7.39853 66.4691 16 25.6712 4
7.38715 71.4629 16 23.174 4
7.37662 94.2993 16 24.7456 4
7.36631 85.5558 16 18.5375 4
7.35366 79.3247 16 29.111 4
7.34738 83.6107 16 22.869 4
7.3356 94.3055 16 20.5615 4
7.326 77.684 16 20.838 4
7.31661 92.3486 16 15.9919 4
7.30582 85.1278 16 23.9951 4
7.29103 88.7963 16 28.0182 4
7.28681 83.0809 15.4805 21.6701 3.87012
7.27649 92.053 15.4719 16.1988 3.86799
7.26452 81.7915 16 15.2089 4
7.25536 77.4041 16 13.1092 4
7.24485 58.0369 16 22.1538 4
7.23388 122.293 16 12.8895 4
7.2243 111.199 16 23.7235 4
7.20703 72.4242 16 20.6183 4
7.20267 85.62 16 19.9927 4
7.19205 96.5343 16 20.139 4
7.18212 78.4191 16 24.5399 4
7.17074 86.7224 16 23.7034 4
7.15969 76.5927 16 27.6622 4
7.15258 61.4335 16 18.1158 4
7.13925 78.6551 16 16.7974 4
7.13067 108.555 16 22.1727 4
7.12281 80.0287 16 14.4919 4
7.10997 73.8411 16 20.4386 4
7.10092 62.8768 16 26.2476 4
7.08779 84.0374 16 12.9325 4
7.08289 76.6023 16 14.3709 4
7.07206 88.941 14.8279 19.2654 3.70697
7.05899 66.9194 15.3546 22.6473 3.83865
7.05166 48.0117 16 25.737 4
7.0391 87.2602 14.798 18.5629 3.69951
7.02833 76.49 14.8039 17.257 3.70099
7.00935 93.3284 16 27.6065 4
6.99548 87.61 14.7682 18.4184 3.69206
6.98732 88.5381 16 18.5442 4
6.97812 79.9641 16 17.5576 4
6.96651 89.291 16 23.1213 4
6.9457 82.8112 16 17.8464 4
6.93497 81.1094 16 15.3409 4
6.91831 71.5683 16 18.9051 4
6.90662 83.4894 16 21.1762 4
6.88879 94.6227 14.7297 21.5216 3.68243
6.87445 72.5934 15.2547 12.57 3.81366
6.85688 88.1058 14.7028 23.5865 3.67571
6.84446 73.2678 14.6977 24.4005 3.67443
6.82544 94.4893 16 15.036 4
6.81335 90.7155 14.6657 19.7667 3.66644
6.80452 107.166 16 18.516 4
6.79377 75.1719 16 21.3703 4
6.78237 105.41 16 23.4114 4
6.76281 76.9528 16 18.9815 4
6.75045 75.924 16 25.1841 4
6.73364 53.799 16 21.7648 4
6.72014 109.418 15.9879 22.9298 3.99698
6.70379 81.7934 14.615 12.6406 3.65375
6.6904 85.2182 15.9737 24.7379 3.99343
6.67348 89.2078 14.6013 22.8112 3.65031
6.66158 74.5833 14.5937 23.6424 3.64842
6.64147 86.372 15.956 20.5279 3.989
6.63135 62.0778 15.956 23.7945 3.989
6.61075 73.9808 15.9391 18.2922 3.98478
6.59966 78.9288 15.9316 16.5459 3.98289
6.57835 74.0543 15.916 17.129 3.979
6.56663 84.1562 14.5157 24.7661 3.62891
6.55778 61.4754 15.9008 19.9043 3.97521
6.54481 73.4299 15.8921 16.5533 3.97302
6.53722 86.0728 15.888 21.4518 3.97201
6.52753 54.302 15.8823 22.8727 3.97058
6.51641 74.7092 15.8814 13.9472 3.97035
6.50609 67.4618 15.8639 15.6521 3.96597
6.4983 71.2593 14.4891 15.8537 3.62227
6.48467 72.7401 15.862 24.903 3.96551
6.47816 74.7893 14.4809 22.9086 3.62023
6.46736 82.4773 14.4711 22.0552 3.61779
6.45218 88.8936 15.8273 22.2668 3.95682
6.44701 81.7349 14.4558 16.7103 3.61396
6.43747 108.983 14.4526 18.5112 3.61314
6.4181 93.6614 15.8124 24.3012 3.95309
6.4141 71.6905 14.4242 15.1777 3.60606
6.40462 61.3403 15.8103 16.905 3.95257
6.39123 103.441 14.4083 18.9161 3.60208
6.38421 73.3307 14.4118 20.6803 3.60295
6.37289 71.4785 15.7892 18.9033 3.9473
6.36136 81.4611 15.7884 22.1707 3.94709
6.35245 95.1038 15.7791 19.1366 3.94477
6.34174 101.854 15.7668 17.1889 3.94169
6.33009 56.8782 15.7598 21.203 3.93996
6.3208 91.9586 15.7479 22.4313 3.93698
6.31098 82.9734 15.744 21.254 3.93601
6.29903 94.3627 15.7343 17.12 3.93359
6.29027 84.6066 14.8903 24.2422 3.72256
6.28072 83.2402 14.3436 22.2177 3.58591
6.27092 67.2286 14.3442 15.93 3.58604
6.26036 75.9172 14.3328 17.0602 3.58319
6.25193 89.611 14.3338 18.2728 3.58345
6.23791 65.9084 14.3173 14.9659 3.57933
6.23032 84.8728 14.31 22.1578 3.57751
6.21876 95.4521 14.3102 20.8296 3.57756
6.20112 112.999 15.6903 17.8877 3.92258
6.18929 56.7182 14.2951 21.6241 3.57376
6.16909 69.789 15.6622 20.7468 3.91555
6.15627 63.9022 14.2575 16.5802 3.56437
6.13891 57.3124 15.6387 16.9125 3.90969
6.12589 86.9456 15.6303 20.1921 3.90758
6.10801 98.1325 14.2339 19.7911 3.55847
6.09288 65.3689 15.605 21.5528 3.90126
6.07188 65.8151 15.575 16.8619 3.89376
6.06042 79.7427 14.1991 16.5053 3.54978
6.03437 82.6095 14.1802 20.7088 3.54505
6.0157 55.7379 14.1606 22.3458 3.54015
6.00553 102.369 14.1627 22.1417 3.54068
5.98565 57.5912 14.1462 22.5333 3.53656
5.97371 69.9131 14.1354 21.1507 3.53384
5.9537 73.9835 15.5137 17.7071 3.87841
5.94377 98.7215 15.5115 19.0597 3.87787
5.92261 78.2277 15.4867 19.7778 3.87166
5.90996 82.9574 15.4777 17.6095 3.86942
5.89395 54.963 14.0854 16.8468 3.52136
5.88078 67.6805 14.0677 20.3762 3.51693
5.87238 75.8487 14.0653 23.2412 3.51631
5.86239 65.8509 14.0617 15.6484 3.51543
5.84866 61.0107 14.0417 20.4532 3.51044
5.83207 97.8194 14.04 20.0023 3.51
5.81843 79.5611 14.0232 14.3451 3.50581
5.79766 86.3119 13.9936 17.845 3.49841
5.78093 72.6602 14.5071 18.0017 3.62677
5.7659 79.4663 13.9871 12.7046 3.49677
5.74807 74.6147 13.9819 14.2495 3.49549
5.73348 82.5722 13.9516 23.378 3.48791
5.71844 83.6638 13.9629 17.8591 3.49072
5.6876 85.7435 13.9329 16.1833 3.48323
5.6725 83.6309 13.9135 25.5961 3.47836
5.66131 82.825 13.8948 23.2384 3.47371
5.65612 83.1603 13.9111 16.6047 3.47778
5.64155 81.0413 13.4813 23.1918 3.37033
5.63476 88.3672 13.8922 17.8814 3.47305
5.6222 73.1628 13.8679 14.7937 3.46696
5.61002 86.284 13.4551 18.3427 3.36379
5.60379 81.1482 13.8632 21.7517 3.46581
5.5946 101.367 13.859 22.3275 3.46476
5.58289 97.1582 13.8555 17.1081 3.46387
5.57295 74.6387 13.8373 17.7041 3.45932
5.56411 67.1761 13.843 18.1997 3.46074
5.55052 88.7936 13.8257 22.6369 3.45642
5.54235 105.332 13.8066 18.3896 3.45166
5.53294 72.4822 13.8061 21.5257 3.45154
5.51877 84.7072 13.7998 17.1398 3.44994
5.51097 79.1125 13.3898 17.9775 3.34744
5.50281 78.7118 13.3874 26.1091 3.34685
5.49003 62.0644 13.7753 23.8264 3.44383
5.48163 92.1299 13.3661 12.6345 3.34152
5.46423 74.6635 13.7237 19.8628 3.43092
5.45643 70.157 13.3398 21.5701 3.33496
5.44169 83.6563 13.7445 20.2216 3.43613
5.42699 60.3728 13.3135 20.7927 3.32836
5.41703 72.0489 13.2945 15.538 3.32362
5.40824 102.132 13.7107 19.999 3.42768
5.39855 90.8365 13.6939 13.6347 3.42347
5.38865 82.1697 13.6882 21.5625 3.42206
5.3762 59.8881 13.6744 26.7387 3.41859
5.36976 52.5729 13.6771 20.8996 3.41928
5.35847 72.3843 13.6621 19.9082 3.41552
5.34437 97.5628 13.6466 20.5357 3.41164
5.32835 86.9406 13.2477 24.2945 3.31193
5.31531 86.3781 13.2189 22.5044 3.30472
5.30365 85.1272 13.605 22.5232 3.40126
5.29475 64.0383 13.6026 18.5459 3.40065
5.28027 90.9567 13.5907 17.4071 3.39767
5.27278 71.663 13.182 18.8402 3.2955
5.26388 77.3433 13.1868 19.8352 3.2967
5.24884 82.8364 13.5632 17.3247 3.39079
5.24128 97.6313 13.1631 13.8824 3.29077
5.23188 70.6119 13.1553 17.7065 3.28882
5.21895 91.3826 13.1432 25.4201 3.28579
5.20773 90.5551 13.1225 25.0133 3.28063
5.19945 84.4129 13.127 20.994 3.28174
5.18833 80.3908 13.1208 23.7883 3.28021
5.17797 64.2517 13.1009 22.4968 3.27522
5.16643 77.8572 13.0914 15.6792 3.27284
5.15688 95.0504 13.0758 16.1801 3.26895
5.1485 78.1174 13.0725 16.8828 3.26813
5.13258 99.6041 13.053 17.0018 3.26326
5.11831 68.0274 13.4518 18.1298 3.36296
5.10469 75.457 13.03 19.6393 3.25751
5.09706 73.9029 13.4372 18.6941 3.35929
5.08442 81.4661 13.0119 20.2442 3.25297
5.07173 90.0053 13.001 17.3459 3.25024
5.05821 105.632 12.9973 22.4696 3.24933
5.03883 88.0414 12.9682 14.81 3.24206
5.02522 95.1474 13.3693 20.1203 3.34233
5.00897 92.1005 12.9362 19.6337 3.23405
4.99345 98.5303 12.9419 23.7184 3.23548
4.98329 73.7864 12.925 25.1112 3.23125
4.97249 105.261 12.9225 18.2366 3.23062
4.96408 57.1498 12.9187 25.4935 3.22967
4.94699 92.8046 13.2943 17.1015 3.32358
4.92927 88.9617 12.8691 17.2889 3.21728
4.91845 79.5826 12.8529 15.3817 3.21323
4.90791 91.2501 12.8387 19.7669 3.20969
4.89959 77.2557 12.8383 22.8492 3.20956
4.88721 58.4003 12.8435 19.9002 3.21087
4.86906 65.3616 12.8127 20.2156 3.20317
4.85928 80.598 12.7992 13.5999 3.19981
4.8474 72.7297 12.7843 21.8578 3.19608
4.8324 59.5224 12.7804 21.218 3.19511
4.81849 98.1461 13.1697 24.6027 3.29241
4.80585 95.0771 13.1536 16.6882 3.2884
4.79619 110.951 13.1334 18.3524 3.28335
4.78695 98.4429 13.1301 24.3688 3.28251
4.77456 89.0722 13.125 19.685 3.28124
4.76723 81.8464 12.7222 16.9921 3.18054
4.75548 92.8831 12.6928 19.3197 3.17321
4.74468 80.6729 12.6874 19.2185 3.17185
4.73448 78.6581 12.6807 22.9873 3.17017
4.72377 93.6934 12.6666 25.0929 3.16665
4.71292 86.3055 12.6567 21.3041 3.16417
4.70349 61.3055 12.647 19.4532 3.16175
4.69113 60.3709 12.62 16.9244 3.15499
4.68162 55.6905 12.6259 22.1041 3.15648
4.6616 89.8523 12.5935 25.9726 3.14837
4.6508 91.264 12.5911 21.1988 3.14777
4.63367 67.6032 12.5683 24.1151 3.14206
4.62149 79.5904 12.552 18.9639 3.13801
4.60948 58.297 12.5272 16.0475 3.1318
4.59707 84.1109 12.5062 18.1248 3.12655
4.59138 84.9072 12.933 18.5946 3.23326
4.5712 97.1124 12.4982 22.8388 3.12455
4.5615 76.4376 12.5015 17.1329 3.12538
4.54087 70.2824 12.4673 18.1596 3.11682
4.52909 80.4266 12.4663 23.1588 3.11657
4.51867 45.8957 12.4434 17.2688 3.11085
4.5085 60.5386 12.4333 21.0801 3.10834
4.49567 88.4978 12.8013 24.6978 3.20031
4.48818 91.3973 12.4071 22.7889 3.10177
4.47778 83.2181 12.3915 16.9293 3.09788
4.4657 55.623 12.3841 19.1752 3.09602
4.45711 78.1446 12.3646 26.073 3.09116
4.44408 73.1366 12.353 19.4635 3.08825
4.43567 79.3078 12.3347 19.4405 3.08368
4.42766 65.2946 12.3307 20.3328 3.08268
4.41254 79.1907 12.314 16.5066 3.07851
4.40767 86.479 12.716 18.5026 3.17899
4.39745 86.3141 12.7077 22.9916 3.17693
4.3862 83.4755 12.698 21.1677 3.17449
4.37643 65.8397 12.6777 20.9738 3.16941
4.36547 79.9849 12.6583 16.4678 3.16456
4.35512 63.7377 12.2421 26.4883 3.06053
4.34619 77.0314 12.246 23.5034 3.06151
4.33576 97.4967 12.2201 20.3524 3.05501
4.32507 75.8093 12.2174 17.3433 3.05436
4.31464 68.3793 12.202 20.1694 3.0505
4.30352 80.4632 12.1846 19.9429 3.04616
4.29127 72.8175 12.1555 20.1211 3.03888
4.28456 61.3832 12.167 11.5792 3.04175
4.27384 71.3009 12.1485 24.3034 3.03712
4.26017 82.9121 12.122 24.7097 3.03049
4.25316 77.1707 12.1177 24.3678 3.02942
4.24241 82.5475 12.1042 14.291 3.02604
4.22775 79.2058 12.0762 19.8608 3.01904
4.22403 93.2809 12.4989 16.0442 3.12473
4.21093 71.0331 12.0559 19.2563 3.01397
4.19861 75.522 12.0443 17.4856 3.01109
4.19071 81.6705 12.4384 18.0647 3.10959
4.18206 67.9256 12.4357 15.3405 3.10891
4.17 79.8409 12.4241 18.5568 3.10604
4.16261 93.8645 12.4103 21.6275 3.10258
4.15117 85.0966 12.3907 13.8013 3.09767
4.13945 74.624 12.3787 18.5822 3.09468
4.1223 87.4312 11.964 23.2487 2.99101
4.10916 88.9807 11.9348 18.5572 2.9837
4.10053 75.0413 11.3147 22.3543 2.82868
4.08958 73.4029 11.9068 20.8895 2.97669
4.07839 69.8007 11.8981 15.1063 2.97452
4.05963 64.7875 12.2744 25.7029 3.06859
4.04529 80.8534 11.8408 20.3191 2.9602
4.02943 90.7064 11.458 18.7699 2.86451
4.01386 84.9035 11.4466 20.2987 2.86166
3.99592 70.1898 11.4025 22.0102 2.85063
3.97821 103.969 11.3826 20.8552 2.84565
3.9632 88.6112 11.3627 18.7974 2.84068
3.94841 61.6921 11.3426 14.6362 2.83565
3.92267 89.8501 11.2807 15.9961 2.82018
3.90783 86.5373 11.272 19.4231 2.81799
3.89523 92.4276 11.2534 21.9896 2.81336
3.88227 76.2639 11.216 18.5701 2.80401
3.87415 78.9921 10.9839 17.3617 2.74598
3.85388 81.1529 11.1831 21.5042 2.79578
3.84337 80.6803 11.1747 21.219 2.79367
3.82553 98.542 11.1551 25.6261 2.78879
3.81428 79.5232 11.1397 20.2553 2.78492
3.79619 62.7686 11.1112 19.0194 2.77779
3.78515 107.679 11.0927 17.9091 2.77316
3.7749 67.9906 11.0805 19.8175 2.77013
3.76448 69.0837 11.0549 20.0307 2.76373
3.75117 68.9571 11.0333 22.8539 2.75833
3.73396 85.7266 10.6243 21.2169 2.65607
3.71978 77.3865 10.7566 17.6493 2.68914
3.70398 88.0416 10.5536 21.7816 2.63841
3.68869 95.4916 10.5359 24.2405 2.63398
3.678 79.4679 10.3169 24.8704 2.57923
3.67331 61.6439 10.9212 16.0925 2.7303
3.65754 99.0464 10.4897 22.0157 2.62242
3.64291 79.4143 10.2855 17.1304 2.57137
3.62913 99.3756 10.2538 17.7178 2.56344
3.62039 66.3408 10.4052 24.2617 2.60131
3.61124 83.6991 10.2296 21.7655 2.55741
3.5937 72.835 10.3753 22.6841 2.59384
3.57929 74.3697 10.1754 19.6846 2.54384
3.56894 69.0371 10.1654 21.6542 2.54134
3.55961 64.1396 10.34 16.0572 2.58501
3.54951 82.4382 10.3217 23.0483 2.58043
3.53614 71.2366 10.0957 20.7991 2.52392
3.5291 92.8501 10.2886 21.5916 2.57214
3.51849 72.7311 10.2667 17.2927 2.56669
3.50841 69.6502 10.259 22.1701 2.56475
3.49974 77.6948 10.0478 17.3051 2.51196
3.48665 78.9694 10.2045 21.0496 2.55114
3.47366 87.0918 10.1712 22.2081 2.54281
3.46599 60.9719 10.1637 19.8559 2.54093
3.4573 79.2487 9.96423 21.8087 2.49106
3.4444 76.2313 10.1213 24.2431 2.53033
3.43812 102.01 9.93403 17.696 2.48351
3.42632 87.7921 9.91675 22.0862 2.47919
3.40818 89.394 9.88214 16.2525 2.47053
3.39607 75.6357 9.85181 19.7442 2.46295
3.38608 85.2061 9.83375 16.3929 2.45844
3.37182 80.264 9.79048 16.9174 2.44762
3.36394 75.2686 9.79682 21.2067 2.4492
3.34364 99.9646 9.94844 20.1465 2.48711
3.3318 98.6517 9.72745 15.6182 2.43186
3.31456 81.6407 9.89252 19.3376 2.47313
3.3 88.1028 9.85582 22.1591 2.46396
3.28276 64.041 9.82331 19.383 2.45583
3.27052 65.3542 9.79856 17.7405 2.44964
3.24999 81.8652 9.57572 21.0581 2.39393
3.23922 96.8996 9.73537 16.1233 2.43384
3.22094 74.0851 9.36651 20.4821 2.34163
3.20681 96.5545 9.48646 13.4587 2.37162
3.19287 85.9536 9.65838 18.7096 2.41459
3.18113 85.772 9.46408 21.0249 2.36602
3.16139 85.9034 9.58431 18.564 2.39608
3.14947 74.843 9.56537 19.4918 2.39134
3.12931 96.9534 9.34851 19.5964 2.33713
3.11501 81.1377 9.30373 20.4085 2.32593
3.09799 84.4018 9.4347 21.3073 2.35868
3.08539 64.8744 9.43332 22.9132 2.35833
3.08131 89.6056 9.14133 23.7881 2.28533
3.06742 89.9549 9.09075 18.1125 2.27269
3.05358 72.3279 9.20919 19.4986 2.3023
3.03006 79.2105 8.96866 22.2035 2.24217
3.02317 80.4344 8.99326 22.2501 2.24831
3.00308 85.6847 8.93968 17.4971 2.23492
2.9962 78.709 8.9339 20.0445 2.23348
2.98759 76.1471 8.92591 20.0859 2.23148
2.97296 70.9153 8.87494 19.6512 2.21874
2.96632 85.7423 8.86723 19.6156 2.21681
2.95402 83.3184 8.83178 18.8965 2.20795
2.94379 79.1693 8.81136 16.7431 2.20284
2.93327 72.0352 8.77545 23.417 2.19386
2.92215 80.9385 8.74244 23.106 2.18561
2.9125 81.3301 8.73721 20.4259 2.1843
2.89371 84.324 8.68516 21.3477 2.17129
2.88105 79.4061 8.4397 19.6911 2.10993
2.86367 93.144 8.62583 20.7121 2.15646
2.84765 83.8102 8.56348 24.7863 2.14087
2.82852 96.4249 8.27975 19.862 2.06994
2.81485 64.2118 8.47622 20.674 2.11906
2.7997 86.352 8.45546 23.0687 2.11387
2.7835 72.1226 7.98395 19.7083 1.99599
2.76931 85.8575 8.37445 18.0696 2.09361
2.753 68.5887 7.90431 21.197 1.97608
2.73571 85.8092 8.26364 21.8181 2.06591
2.72742 81.2364 8.0393 17.0656 2.00983
2.71543 70.7554 8.21067 20.1341 2.05267
2.70011 81.4891 7.74051 21.1176 1.93513
2.6935 83.4303 8.16541 18.2006 2.04135
2.67042 86.8219 7.60102 19.3907 1.90026
2.65317 98.5368 7.55309 19.9334 1.88827
2.63681 86.4518 7.4892 21.3672 1.8723
2.62784 82.0268 7.47144 21.9713 1.86786
2.61867 87.6575 7.45088 16.0142 1.86272
2.60748 69.2604 7.42297 19.5316 1.85574
2.59838 75.3302 7.39231 21.2333 1.84808
2.58897 80.2044 7.36384 17.5434 1.84096
2.57324 72.7441 7.3148 18.6889 1.8287
2.5649 70.8368 7.36742 18.8952 1.84185
2.5515 77.0227 7.23075 20.6423 1.80769
2.54152 72.7943 7.21638 22.2788 1.8041
2.5352 75.1995 7.28611 20.2998 1.82153
2.52303 76.0107 7.17062 17.9773 1.79265
2.51371 73.8932 7.21512 18.6369 1.80378
2.50447 75.1132 7.18955 17.9775 1.79739
2.48584 81.9466 7.03412 16.4263 1.75853
2.48098 73.0675 7.06721 17.1924 1.7668
2.44821 82.797 6.97565 16.9493 1.74391
2.44132 80.5308 6.9682 19.9656 1.74205
2.42623 95.5423 6.89564 21.7661 1.72391
2.41851 83.7643 6.79968 18.7442 1.69992
2.40937 79.892 6.77823 19.9381 1.69456
2.39626 83.5055 6.7303 21.0505 1.68257
2.38813 75.4743 6.69661 18.5968 1.67415
2.37929 84.4931 6.67309 20.7974 1.66827
2.36287 75.091 6.59469 20.8959 1.64867
2.35797 82.9535 6.60254 22.5598 1.65064
2.3475 79.8105 6.56391 19.084 1.64098
2.33326 80.4355 6.49951 20.8038 1.62488
2.32555 87.3044 6.39336 21.576 1.59834
2.31439 75.609 6.42797 17.867 1.60699
2.30241 84.1552 6.29841 19.829 1.5746
2.29044 88.4637 6.16671 20.7251 1.54168
2.28481 66.2477 6.16367 18.7471 1.54092
2.27365 76.8419 6.19625 21.6751 1.54906
2.26383 79.4391 6.08138 19.4443 1.52035
2.25299 69.594 6.04092 17.6263 1.51023
2.24121 82.2039 5.93022 19.78 1.48256
2.2301 78.4909 5.88715 18.1654 1.47179
2.21883 75.4283 5.84576 20.2509 1.46144
2.20284 80.7949 5.74261 21.1992 1.43565
2.18949 73.5605 5.67595 18.7932 1.41899
2.17698 70.0915 5.61567 16.8105 1.40392
2.16521 74.2056 5.56806 16.7863 1.39201
2.15601 76.7712 5.54277 18.4307 1.38569
2.149 82.5028 5.51895 20.5806 1.37974
2.13457 80.1293 5.44812 18.9966 1.36203
2.12518 78.0924 5.41751 19.0827 1.35438
2.11073 84.527 5.32271 19.7947 1.33068
2.0981 85.0462 5.09779 22.1033 1.27445
2.09146 77.231 5.14035 22.5051 1.28509
2.08289 74.7918 5.22213 18.7635 1.30553
2.07105 90.6536 4.98958 22.4656 1.24739
2.05927 84.1395 4.89312 21.5675 1.22328
2.04734 80.8629 4.83433 19.9704 1.20858
2.03446 81.6316 4.77337 20.441 1.19334
2.0271 78.2114 4.73864 18.5846 1.18466
2.01683 80.139 4.69025 21.0622 1.17256
2.00077 87.2171 4.60801 20.0504 1.152
1.9955 75.8108 4.58889 18.5451 1.14722
1.982 80.9838 4.51523 18.079 1.12881
1.9744 78.0896 4.48055 19.3823 1.12014
1.96282 86.6284 4.41475 17.9082 1.10369
1.95143 82.578 4.28525 20.4228 1.07131
1.9421 78.4889 4.30763 21.2843 1.07691
1.93037 75.9249 4.20858 19.9396 1.05215
1.91798 76.3077 4.10537 20.298 1.02634
1.90836 79.3221 4.09605 20.6601 1.02401
1.89652 85.2092 3.99937 19.9438 0.999842
1.88381 86.8199 3.93372 19.3529 0.98343
1.87758 73.5192 3.89994 19.4523 0.974985
1.86432 81.4933 3.79528 21.6769 0.948821
1.85214 86.2279 3.75006 19.0085 0.937514
1.83801 77.2969 3.65462 19.6664 0.913654
1.82806 72.679 3.61025 19.1072 0.902562
1.82007 75.4365 3.55938 20.9497 0.889846
1.81022 79.6316 3.49826 19.946 0.874565
1.79612 77.1714 3.4069 20.4962 0.851726
1.78916 82.0269 3.3717 22.1068 0.842925
1.77779 79.3428 3.2959 20.3919 0.823974
1.76282 83.8084 3.19021 19.895 0.797553
1.74779 74.0682 3.10187 20.6769 0.775468
1.73465 74.4052 3.00867 19.2844 0.752166
1.7193 81.306 2.91274 19.6644 0.728186
1.70215 81.4287 2.77471 19.699 0.693677
1.69407 82.4263 2.72453 19.953 0.681134
1.67788 79.9215 2.5982 21.2142 0.64955
1.67047 80.0651 2.54195 19.1061 0.635488
1.6605 80.5974 2.4729 18.6903 0.618225
1.63446 80.7456 2.19052 19.4399 0.547629
1.61482 77.7611 2.03309 19.8977 0.508272
1.59457 78.8211 1.86851 20.6951 0.467128
1.58543 78.2827 1.80453 19.8708 0.451132
1.56332 80.9312 1.57857 19.5005 0.394644
1.55105 79.5063 1.4719 20.3425 0.367976
1.53039 77.7575 1.27101 20.2169 0.317754
1.50751 81.3967 1.06573 19.7348 0.266434
1.49389 79.9014 0.943446 20.1295 0.235862
1.4829 80.5194 0.839531 19.8978 0.209883
1.47165 80.6399 0.8 20.1497 0.2
1.46263 78.8887 0.8 19.9218 0.2
1.43919 80.9612 0.8 20.5888 0.2
1.43207 78.4457 0.8 19.5954 0.2
1.41741 79.2838 0.8 20.19 0.2
1.40583 79.3685 0.8 19.6844 0.2
1.39137 80.9174 0.8 20.2259 0.2
1.38149 81.3065 0.8 19.7781 0.2
1.36562 80.1817 0.8 19.9502 0.2
1.35705 79.5047 0.8 20.0463 0.2
1.3411 79.2195 0.8 19.8506 0.2
1.32371 80.3326 0.8 19.6969 0.2
1.30586 81.232 0.8 20.0212 0.2
1.29038 79.7108 0.8 20.1245 0.2
1.27526 80.6532 0.8 20.0426 0.2
1.25913 80.0449 0.8 20.0017 0.2
1.24486 79.586 0.8 19.9655 0.2
1.22291 80.7854 0.8 19.9844 0.2
1.20088 79.8362 0.8 20.1592 0.2
1.17187 79.2638 0.8 20.1773 0.2
1.14876 80.6483 0.8 20.1097 0.2
1.13165 79.8354 0.8 19.8587 0.2
1.11946 80.6755 0.8 20.0681 0.2
1.10273 80.7496 0.8 20.0041 0.2
1.08907 78.9644 0.8 20.0747 0.2
1.08167 80.2358 0.8 19.976 0.2
1.06881 79.2517 0.8 19.8162 0.2
1.05573 78.7178 0.8 20.1999 0.2
1.03838 79.052 0.8 20.0034 0.2
1.02139 79.782 0.8 20.2214 0.2
1.00435 79.0892 0.8 20.177 0.2
0.986256 79.8513 0.8 20.0926 0.2
0.972719 81.6643 0.8 20.0924 0.2
0.962751 77.9772 0.8 19.748 0.2
0.951028 80.4902 0.8 20.2082 0.2
0.932299 79.6492 0.8 19.9564 0.2
0.908146 79.393 0.8 19.7428 0.2
0.885046 79.2261 0.8 19.7392 0.2
0.873366 81.2084 0.8 20.0874 0.2
0.863177 81.1203 0.8 20.0639 0.2
0.845434 78.9935 0.8 20.2011 0.2
0.822208 81.2005 0.8 20.3875 0.2
0.807622 79.3811 0.8 19.942 0.2
0.792884 80.3564 0.8 20.0904 0.2
0.775197 81.3213 0.8 20.2169 0.2
0.755599 79.9707 0.8 20.2136 0.2
0.738184 79.859 0.8 19.8598 0.2
0.721198 81.5153 0.8 19.9894 0.2
0.701011 80.8094 0.8 20.3092 0.2
0.692192 81.1018 0.8 19.9241 0.2
0.677287 79.7601 0.8 20.1186 0.2
0.668707 79.2985 0.8 20.2402 0.2
0.668575 78.6791 0.8 20.0148 0.2
0.668451 80.1073 0.8 19.9821 0.2
0.668487 78.9594 0.8 20.1325 0.2
0.66846 79.0629 0.8 19.5945 0.2
0.668501 80.3689 0.8 19.8335 0.2
0.6685 80.2009 0.8 19.983 0.2
0.668431 79.743 0.8 20.1633 0.2
0.668496 80.361 0.8 19.8347 0.2
0.668503 80.674 0.8 20.2403 0.2
0.66847 80.3992 0.8 19.8657 0.2
0.66846 78.6681 0.8 19.9662 0.2
0.668522 79.5699 0.8 20.0876 0.2
0.668455 79.8559 0.8 20.2424 0.2
0.668522 80.3246 0.8 20.003 0.2
0.66844 80.1785 0.8 20.3897 0.2
0.668457 80.2784 0.8 20.1267 0.2
0.668434 79.5173 0.8 20.0034 0.2
0.668446 79.3024 0.8 19.8345 0.2
0.668439 79.9953 0.8 19.973 0.2
0.668435 79.5409 0.8 19.6711 0.2
0.668496 80.4983 0.8 19.9097 0.2
0.66845 81.487 0.8 20.3337 0.2
0.668427 80.5063 0.8 19.8703 0.2
0.668466 81.4025 0.8 19.8794 0.2
0.668417 78.8633 0.8 19.9888 0.2
0.668473 79.3748 0.8 19.6962 0.2
0.668446 80.8925 0.8 20.3838 0.2
0.668441 79.1496 0.8 19.7465 0.2
0.668474 80.1 0.8 20.2669 0.2
0.668418 80.4805 0.8 19.908 0.2
0.668463 80.3615 0.8 19.9942 0.2
0.668487 79.6027 0.8 20.2474 0.2
0.668422 79.9249 0.8 19.8857 0.2
0.668454 79.6727 0.8 20.1504 0.2
