0 0 0 0 0
0 0 0 0 0
0 0 0 0 0
0 0 0 0 0
0 0 0 0 0
0 0 0 0 0
0 0 0 0 0
0 0 0 0 0
0 0 0 0 0
0 0 0 0 0
0 0 0 0 0
0 0 0 0 0
0 0 0 0 0
0 0 0 0 0
0 0 0 0 0
0 0 0 0 0
0 0 0 0 0
0 0 0 0 0
0 0 0 0 0
0 0 0 0 0
0 0 0 0 0
0 0 0 0 0
0 0 0 0 0
0 0 0 0 0
0 0 0 0 0
0 0 0 0 0
0 0 0 0 0
0 0 0 0 0
0 0 0 0 0
0 0 0 0 0
0 0 0 0 0
0 0 0 0 0
0 0 0 0 0
0 0 0 0 0
0 0 0 0 0
0 0 0 0 0
0 0 0 0 0
0 0 0 0 0
0 0 0 0 0
0 0 0 0 0
0 0 0 0 0
0 0 0 0 0
0 0 0 0 0
0 0 0 0 0
0 0 0 0 0
0 0 0 0 0
0 0 0 0 0
0 0 0 0 0
0 0 0 0 0
0 0 0 0 0
0 0 0 0 0
0 0 0 0 0
0 0 0 0 0
0 0 0 0 0
0 0 0 0 0
0 0 0 0 0
0 0 0 0 0
0 0 0 0 0
0 0 0 0 0
0 0 0 0 0
0 0 0 0 0
0 0 0 0 0
0 0 0 0 0
0 0 0 0 0
0 0 0 0 0
0 0 0 0 0
0 0 0 0 0
0 0 0 0 0
0 0 0 0 0
0 0 0 0 0
0 0 0 0 0
0 0 0 0 0
0 0 0 0 0
0 0 0 0 0
0 0 0 0 0
0 0 0 0 0
0 0 0 0 0
0 0 0 0 0
0 0 0 0 0
0 0 0 0 0
0 0 0 0 0
0 0 0 0 0
0 0 0 0 0
0 0 0 0 0
0 0 0 0 0
0 0 0 0 0
0 0 0 0 0
0 0 0 0 0
0 0 0 0 0
0 0 0 0 0
0 0 0 0 0
0 0 0 0 0
0 0 0 0 0
0 0 0 0 0
0 0 0 0 0
0 0 0 0 0
0 0 0 0 0
0 0 0 0 0
0 0 0 0 0
0 0 0 0 0
0 0 0 0 0
0 0 0 0 0
0 0 0 0 0
0 0 0 0 0
0 0 0 0 0
0 0 0 0 0
0 0 0 0 0
0 0 0 0 0
0 0 0 0 0
0 0 0 0 0
0 0 0 0 0
0 0 0 0 0
0 0 0 0 0
0 0 0 0 0
0 0 0 0 0
0 0 0 0 0
0 0 0 0 0
0 0 0 0 0
0 0 0 0 0
0 0 0 0 0
0 0 0 0 0
0 0 0 0 0
0 0 0 0 0
0 0 0 0 0
0 0 0 0 0
0 0 0 0 0
0 0 0 0 0
0 0 0 0 0
0 0 0 0 0
0 0 0 0 0
0 0 0 0 0
0 0 0 0 0
0 0 0 0 0
0 0 0 0 0
0 0 0 0 0
0 0 0 0 0
0 0 0 0 0
0 0 0 0 0
0 0 0 0 0
0 0 0 0 0
0 0 0 0 0
10.4711 90.6603 15.9505 17.9623 3.98762
0 0 0 0 0
0 0 0 0 0
0 0 0 0 0
0 0 0 0 0
0 0 0 0 0
0 0 0 0 0
0 0 0 0 0
0 0 0 0 0
0 0 0 0 0
0 0 0 0 0
0 0 0 0 0
0 0 0 0 0
0 0 0 0 0
0 0 0 0 0
0 0 0 0 0
10.2641 91.9593 15.9483 15.6779 3.98707
0 0 0 0 0
0 0 0 0 0
0 0 0 0 0
0 0 0 0 0
0 0 0 0 0
0 0 0 0 0
0 0 0 0 0
0 0 0 0 0
0 0 0 0 0
0 0 0 0 0
0 0 0 0 0
0 0 0 0 0
0 0 0 0 0
0 0 0 0 0
0 0 0 0 0
0 0 0 0 0
0 0 0 0 0
0 0 0 0 0
0 0 0 0 0
9.99428 76.4616 15.9452 25.9512 3.9863
0 0 0 0 0
0 0 0 0 0
0 0 0 0 0
0 0 0 0 0
0 0 0 0 0
0 0 0 0 0
0 0 0 0 0
0 0 0 0 0
0 0 0 0 0
0 0 0 0 0
9.85368 91.4063 15.9435 22.2693 3.98588
0 0 0 0 0
0 0 0 0 0
9.8198 88.2792 15.9431 19.8255 3.98577
9.81006 69.1549 15.943 19.6923 3.98574
9.80167 81.3102 15.9428 22.1573 3.98571
9.79429 91.2089 15.9428 14.7405 3.98569
9.77789 89.0041 15.9425 12.3072 3.98564
0 0 0 0 0
0 0 0 0 0
0 0 0 0 0
0 0 0 0 0
0 0 0 0 0
0 0 0 0 0
0 0 0 0 0
0 0 0 0 0
0 0 0 0 0
0 0 0 0 0
9.62826 67.1899 15.9406 23.1019 3.98515
9.60291 107.545 15.9402 22.835 3.98506
9.58972 84.7615 15.9401 19.0339 3.98502
9.574 88.0271 15.9399 22.5926 3.98496
0 0 0 0 0
0 0 0 0 0
0 0 0 0 0
9.51621 71.1769 15.9391 23.1428 3.98476
0 0 0 0 0
0 0 0 0 0
0 0 0 0 0
0 0 0 0 0
0 0 0 0 0
9.42248 67.93 15.9377 20.748 3.98443
9.40806 52.2537 15.9375 18.7505 3.98438
9.39758 84.6065 15.9374 16.4155 3.98434
9.38755 89.6317 15.9372 25.7452 3.98431
9.37308 79.2357 15.937 20.8329 3.98425
9.35602 74.6123 15.9368 12.4681 3.98419
0 0 0 0 0
0 0 0 0 0
0 0 0 0 0
9.29963 61.3556 15.9359 17.7958 3.98398
0 0 0 0 0
0 0 0 0 0
0 0 0 0 0
0 0 0 0 0
0 0 0 0 0
9.20355 68.7819 15.9345 12.6218 3.98361
9.18606 76.8067 15.9342 20.8766 3.98355
9.16972 79.9408 15.9339 15.9124 3.98348
9.15805 84.5322 15.9337 24.2973 3.98344
0 0 0 0 0
9.137 88.6542 15.9334 24.0689 3.98335
0 0 0 0 0
9.1044 66.6275 15.9329 24.9156 3.98322
9.08475 72.0273 15.9326 16.864 3.98314
0 0 0 0 0
0 0 0 0 0
0 0 0 0 0
9.02818 64.4413 15.9316 23.1535 3.98291
0 0 0 0 0
0 0 0 0 0
0 0 0 0 0
8.96643 122.954 15.9306 22.0099 3.98265
8.95273 97.6801 15.9304 19.6107 3.98259
8.94366 52.346 15.9302 17.2114 3.98256
0 0 0 0 0
0 0 0 0 0
8.90168 67.4062 15.9295 22.0007 3.98238
8.8924 80.3459 15.9293 26.2938 3.98234
8.88112 86.2569 15.9291 14.9088 3.98229
8.87828 85.9714 15.9291 16.3566 3.98227
8.85721 69.1809 15.9287 15.1244 3.98218
8.84633 80.1068 15.9285 24.287 3.98213
8.84178 82.3887 15.9285 25.7843 3.98211
8.83411 79.6353 15.9283 24.3511 3.98208
8.81425 65.2441 15.928 24.4594 3.98199
8.81708 79.6861 15.928 25.9172 3.982
8.80139 117.859 15.9277 16.5167 3.98193
0 0 0 0 0
0 0 0 0 0
8.7694 68.8894 15.9272 17.7765 3.98179
8.75769 86.3954 15.9269 18.8699 3.98173
8.75038 66.1312 15.9268 24.3403 3.9817
8.74267 47.0809 15.9267 19.7455 3.98167
8.72765 119.04 15.9264 16.7121 3.9816
0 0 0 0 0
8.70558 85.1189 15.926 11.2549 3.98149
8.70554 76.9877 15.926 21.1504 3.98149
8.68211 66.1177 15.9255 16.7414 3.98138
8.7262 70.1364 15.9264 30.8018 3.98159
8.66093 47.1944 15.9251 18.1248 3.98128
8.6955 62.1193 15.9258 15.5223 3.98145
8.64384 81.1276 15.9248 20.2111 3.9812
8.62789 80.6345 15.9245 23.5681 3.98113
8.65945 80.051 15.9251 15.7302 3.98128
8.60955 72.5049 15.9242 20.3334 3.98104
8.60003 58.5471 15.924 13.9567 3.98099
0 0 0 0 0
8.64592 48.6475 15.9249 19.9769 3.98121
8.72308 88.8931 15.9263 22.3959 3.98158
8.56451 113.529 15.9233 18.9519 3.98082
8.64712 69.863 15.9249 24.5442 3.98122
8.54929 105.118 15.923 17.7574 3.98074
0 0 0 0 0
0 0 0 0 0
0 0 0 0 0
8.5898 48.5112 15.9238 22.3011 3.98094
0 0 0 0 0
8.466 92.8659 15.9213 16.1904 3.98032
8.4567 55.3934 15.9211 25.4015 3.98028
8.5603 102.988 15.9232 24.6742 3.9808
8.66645 100.671 15.9252 24.419 3.98131
0 0 0 0 0
0 0 0 0 0
0 0 0 0 0
8.36819 105.157 15.9193 12.4184 3.97982
8.4357 90.8282 15.8413 28.6314 3.96033
0 0 0 0 0
0 0 0 0 0
0 0 0 0 0
0 0 0 0 0
0 0 0 0 0
8.36654 82.0718 15.9192 21.9834 3.97981
8.48768 106.291 15.9217 15.7841 3.98044
8.42275 94.6189 15.8348 13.0413 3.9587
0 0 0 0 0
0 0 0 0 0
0 0 0 0 0
0 0 0 0 0
0 0 0 0 0
0 0 0 0 0
0 0 0 0 0
0 0 0 0 0
0 0 0 0 0
0 0 0 0 0
0 0 0 0 0
0 0 0 0 0
0 0 0 0 0
0 0 0 0 0
0 0 0 0 0
0 0 0 0 0
8.56197 68.0475 15.8464 21.481 3.96161
8.43559 83.8945 15.8391 15.0973 3.95979
8.54237 96.6923 15.8457 20.3161 3.96142
8.53067 62.269 15.8452 14.6569 3.9613
0 0 0 0 0
0 0 0 0 0
0 0 0 0 0
0 0 0 0 0
0 0 0 0 0
0 0 0 0 0
0 0 0 0 0
0 0 0 0 0
0 0 0 0 0
0 0 0 0 0
0 0 0 0 0
0 0 0 0 0
0 0 0 0 0
0 0 0 0 0
0 0 0 0 0
0 0 0 0 0
0 0 0 0 0
0 0 0 0 0
0 0 0 0 0
0 0 0 0 0
0 0 0 0 0
8.198 61.5068 15.831 24.4717 3.95776
0 0 0 0 0
0 0 0 0 0
0 0 0 0 0
0 0 0 0 0
0 0 0 0 0
0 0 0 0 0
0 0 0 0 0
0 0 0 0 0
0 0 0 0 0
0 0 0 0 0
0 0 0 0 0
0 0 0 0 0
8.04508 70.1889 15.8239 21.798 3.95597
8.03452 57.655 15.8233 18.7676 3.95584
8.02513 61.0419 15.8229 19.1861 3.95573
8.01251 73.8909 15.8223 26.9443 3.95557
0 0 0 0 0
0 0 0 0 0
0 0 0 0 0
0 0 0 0 0
0 0 0 0 0
0 0 0 0 0
0 0 0 0 0
0 0 0 0 0
0 0 0 0 0
7.86759 67.4633 15.815 17.0177 3.95374
0 0 0 0 0
0 0 0 0 0
0 0 0 0 0
0 0 0 0 0
7.81821 88.0293 15.8124 18.207 3.95309
0 0 0 0 0
0 0 0 0 0
7.78685 85.4719 15.8107 16.9803 3.95267
7.77542 82.2351 15.8101 23.5596 3.95251
7.76688 53.833 15.8096 17.673 3.9524
7.75679 93.9108 15.809 18.9998 3.95226
7.7449 91.0412 15.8084 18.9149 3.9521
0 0 0 0 0
0 0 0 0 0
0 0 0 0 0
0 0 0 0 0
7.69559 96.9676 15.8057 21.8596 3.95142
0 0 0 0 0
0 0 0 0 0
0 0 0 0 0
0 0 0 0 0
0 0 0 0 0
7.63436 103.27 15.8022 12.8737 3.95055
7.62334 97.8574 15.8016 21.1117 3.95039
7.61337 52.5447 15.801 26.4025 3.95024
7.6034 88.4645 15.8004 16.72 3.9501
7.59169 74.3559 15.7997 18.1111 3.94993
7.58304 63.392 15.7992 21.5503 3.9498
7.57095 74.9688 15.7985 25.6978 3.94962
7.56344 102.069 15.798 25.447 3.94951
7.55354 101.45 15.7975 21.614 3.94936
7.53881 88.3793 15.7966 10.8208 3.94915
7.52106 76.1008 15.7955 18.9963 3.94888
7.50751 80.5027 15.7947 19.4497 3.94867
0 0 0 0 0
7.479 56.0908 15.7929 17.9315 3.94823
7.46905 95.1115 15.7923 18.7924 3.94808
7.45895 78.6477 15.7917 13.8441 3.94792
7.44659 92.5577 15.7909 19.3058 3.94773
0 0 0 0 0
0 0 0 0 0
0 0 0 0 0
7.39743 74.0964 15.7878 18.4785 3.94695
7.38589 70.9821 15.7871 26.0581 3.94677
7.36559 103.138 15.7858 19.5365 3.94644
7.35395 77.6246 15.785 13.2636 3.94625
7.33516 87.8143 15.7838 23.4693 3.94594
7.32226 66.3106 15.7829 15.1861 3.94573
7.30558 70.9698 15.7818 15.0678 3.94546
7.29324 106.671 15.781 15.0678 3.94525
0 0 0 0 0
7.27433 82.467 15.7797 16.9618 3.94493
0 0 0 0 0
0 0 0 0 0
7.23185 87.7097 15.7768 18.1803 3.94421
0 0 0 0 0
7.20257 98.4944 15.7748 25.0836 3.9437
7.1812 66.0263 15.7733 22.7326 3.94332
7.16167 54.8299 15.7719 15.7047 3.94298
7.14946 81.7388 15.771 25.3653 3.94276
7.13125 65.5463 15.7697 21.9732 3.94243
7.11758 97.0496 15.7687 22.1055 3.94218
7.10129 68.4994 15.7675 21.5477 3.94188
7.08823 60.7303 15.7666 15.4073 3.94164
7.08106 92.4684 15.766 22.6142 3.94151
7.06945 61.1455 15.7652 18.187 3.9413
0 0 0 0 0
7.04023 108.012 15.763 23.043 3.94075
7.02692 90.8824 15.762 18.7566 3.9405
0 0 0 0 0
6.99754 73.3837 15.7597 19.3069 3.93993
6.97708 103.472 15.7582 20.6435 3.93954
6.96518 101.066 15.7572 16.4448 3.93931
6.94698 68.2819 15.7558 15.3154 3.93895
6.93469 73.5969 15.7548 20.5589 3.93871
6.92682 90.1331 15.7542 14.1001 3.93855
6.91705 85.114 15.7534 13.4965 3.93836
6.90367 84.7602 15.7524 24.3763 3.93809
6.88694 84.8516 15.751 15.2384 3.93775
6.87223 55.8588 15.7498 15.9166 3.93745
6.85654 71.323 15.7485 15.3088 3.93713
6.84314 90.4127 15.4947 21.1885 3.87368
6.83517 101.035 15.4934 16.1165 3.87336
6.82509 75.7352 15.4918 7.56129 3.87295
6.81333 66.4386 15.4898 24.1078 3.87244
6.80435 91.7534 15.7442 25.6915 3.93604
6.79383 70.7698 15.7433 24.2051 3.93582
6.78249 75.7237 15.7423 22.7522 3.93557
6.77309 95.3535 15.7415 21.1584 3.93537
6.76252 85.313 15.7406 18.519 3.93514
6.75196 73.1045 15.7397 16.8939 3.93492
6.73294 85.7966 15.738 22.145 3.9345
6.72023 96.923 15.7369 24.0792 3.93422
6.69869 107.648 15.735 14.469 3.93374
6.68276 98.8751 15.7336 16.6293 3.93339
6.67006 87.7317 15.4648 23.6615 3.8662
6.66102 78.2606 15.4631 23.1864 3.86577
6.65099 58.8261 15.4613 16.994 3.86532
6.63958 72.4173 15.4591 16.3818 3.86478
6.63068 91.9556 15.4576 12.7542 3.8644
6.62003 82.9028 15.4556 15.6102 3.8639
6.6063 80.9365 15.453 14.0623 3.86324
6.58896 88.1264 15.7249 22.7476 3.93123
6.57723 84.7023 15.7238 17.4654 3.93095
6.56826 64.4006 15.7229 21.6891 3.93073
6.55805 69.098 15.722 25.2662 3.9305
6.54579 71.4756 15.7208 19.0244 3.9302
6.52771 82.4158 15.438 20.2633 3.8595
6.51553 146.43 15.7178 20.2422 3.92946
6.50793 97.8697 15.7171 17.828 3.92928
6.49733 63.2386 15.4321 16.5546 3.85802
6.48465 62.2609 15.4295 14.9922 3.85737
6.46642 42.8931 15.4259 23.5159 3.85646
6.44685 84.9413 15.422 23.3081 3.85549
6.43432 102.652 15.4194 19.6153 3.85484
6.42331 103.156 15.4171 20.6228 3.85428
6.41394 64.5821 15.4152 17.6094 3.8538
6.40417 92.0026 15.4132 14.7543 3.85331
6.39169 74.632 15.4106 15.7156 3.85264
6.38344 69.501 15.4089 13.4431 3.85223
6.37278 83.0496 15.4066 23.6843 3.85165
6.35924 98.9131 15.4037 21.7078 3.85093
6.35193 78.1241 15.4021 17.0259 3.85053
6.34189 68.0146 15.7 19.9102 3.92501
6.32978 73.8455 15.6987 19.481 3.92469
6.32117 62.2148 15.6978 25.409 3.92445
6.30865 77.5535 15.6964 12.706 3.92411
6.29605 88.5062 15.3901 19.3868 3.84752
6.28679 89.621 15.388 18.1806 3.84701
6.2743 79.0895 15.3853 27.0875 3.84632
6.25527 84.6233 15.3809 17.2504 3.84522
6.24333 73.3779 15.3783 20.1583 3.84457
6.22383 98.2126 15.3737 20.5847 3.84343
6.21192 87.3919 15.371 17.4426 3.84275
6.1938 74.089 15.3669 21.559 3.84173
6.18313 47.3706 15.3644 13.7333 3.84111
6.17331 97.6743 15.3622 20.5082 3.84054
6.16356 47.4985 15.3599 25.9568 3.83997
6.15224 85.8428 15.3572 16.8979 3.83931
6.13272 58.8378 15.3524 20.8663 3.83811
6.11897 89.6278 15.3492 20.4341 3.8373
6.09857 88.7197 15.3443 21.462 3.83607
6.08151 77.8395 15.34 11.254 3.83499
6.06757 68.8591 15.3365 18.6594 3.83412
6.05013 100.311 15.332 22.19 3.833
6.03887 81.5975 15.3293 19.1515 3.83232
6.02986 75.6079 15.3268 21.6339 3.83171
6.02003 62.0756 15.3244 20.3466 3.8311
6.0087 74.3502 15.3214 25.3857 3.83036
5.99943 51.5767 15.3191 17.2893 3.82978
5.98946 85.6886 15.3166 17.8685 3.82915
5.97385 74.4681 15.3125 16.1281 3.82813
5.95844 59.2697 15.3084 20.8251 3.8271
5.94556 66.4237 15.3049 23.5689 3.82623
5.9381 63.2652 15.3029 24.0172 3.82573
5.92802 62.3981 15.3002 18.1266 3.82506
5.91643 89.4757 15.2971 21.5892 3.82428
5.90774 85.2304 15.2948 8.23931 3.82369
5.89799 60.3541 15.2922 21.3456 3.82305
5.8855 108.869 15.2886 17.3575 3.82216
5.87693 73.2847 15.2863 21.2754 3.82157
5.86651 74.053 15.2832 16.2462 3.82081
5.85505 81.3134 15.2801 16.1394 3.82002
5.84599 103.981 15.2774 20.2975 3.81936
5.83526 76.357 15.2743 17.3487 3.81858
5.82 92.1912 15.2701 20.0955 3.81753
5.80206 69.4142 15.2648 17.3357 3.8162
5.7909 72.58 15.2616 27.2027 3.8154
5.78192 83.2507 15.2589 19.4513 3.81472
5.77143 50.3517 15.2558 24.7324 3.81395
5.75925 93.9581 15.2522 15.4965 3.81306
5.7419 76.0294 15.2472 17.3962 3.8118
5.73082 78.3955 15.2438 21.1474 3.81095
5.72144 61.3836 15.241 25.8681 3.81025
5.70857 91.6516 15.237 27.9973 3.80924
5.6905 119.106 15.2314 29.0623 3.80784
5.67893 83.7259 15.2277 9.44626 3.80693
5.67068 69.4827 15.2253 20.5061 3.80631
5.66034 101.131 15.222 26.1054 3.80549
5.64844 93.6656 15.2181 16.2152 3.80453
5.6291 67.5462 15.2119 21.0965 3.80297
5.61729 79.6723 15.2082 21.6186 3.80205
5.5983 68.5283 15.2018 19.8376 3.80044
5.58663 67.8606 15.1979 19.515 3.79949
5.5681 67.1944 15.1918 24.2505 3.79795
5.55574 88.9756 15.1875 23.0141 3.79688
5.53758 87.3976 15.1816 26.5891 3.7954
5.52162 71.3055 15.176 21.8501 3.794
5.5064 79.8296 15.1708 16.9937 3.79269
5.49591 90.8716 15.1671 28.0101 3.79178
5.48619 72.7432 15.1636 20.8991 3.79091
5.47662 66.8889 15.1604 18.5271 3.79009
5.46326 82.8647 15.1556 11.7468 3.78889
5.45496 75.8587 15.1526 23.9677 3.78815
5.44453 73.006 15.1489 16.7256 3.78722
5.43155 94.7683 15.144 17.4735 3.78601
5.4136 86.8135 15.1374 13.8982 3.78434
5.40147 110.011 15.133 21.0209 3.78326
5.3829 62.4903 15.1259 17.3822 3.78147
5.37186 97.8158 15.1217 24.2104 3.78043
5.36253 98.2762 15.1182 22.1973 3.77954
5.35267 77.563 15.1145 24.2915 3.77863
5.33921 86.9738 15.1092 20.6293 3.7773
5.32203 70.9872 15.1027 20.6293 3.77568
5.30952 65.287 15.0976 21.0904 3.77441
5.30162 82.1755 15.0946 19.7585 3.77364
5.29095 48.8473 15.0902 13.4929 3.77256
5.27978 52.102 15.0859 20.9815 3.77146
5.2702 64.0585 15.0819 15.1888 3.77047
5.25849 48.3237 15.0771 17.2603 3.76928
5.2403 63.7269 15.0698 19.8663 3.76745
5.22818 75.7451 15.0647 19.5366 3.76618
5.2095 75.4596 15.0567 17.831 3.76419
5.19758 81.476 15.0518 13.6323 3.76296
5.17757 71.7392 15.0431 21.4891 3.76077
5.16567 84.6399 15.038 13.8606 3.75949
5.14686 86.6239 15.0296 16.3907 3.75741
5.13472 74.6441 15.0242 14.9476 3.75605
5.11727 94.1004 15.0168 17.6482 3.75419
5.10411 107.075 15.0106 17.4501 3.75265
5.08635 77.4343 15.0026 14.1475 3.75065
5.07414 88.4987 14.9971 12.828 3.74929
5.05569 71.6527 14.9884 21.5021 3.74709
5.04314 91.86 14.9824 23.6409 3.74559
5.02496 102.357 14.9738 24.3538 3.74344
5.01279 91.0941 14.968 20.6472 3.74199
4.99384 86.9909 14.9585 15.28 3.73963
4.98282 71.9177 14.6824 17.8588 3.67059
4.97321 60.0797 14.6779 22.3199 3.66948
4.96355 93.7693 14.6712 16.6108 3.6678
4.95107 94.6085 14.664 16.1141 3.666
4.92729 69.7075 14.9254 18.1856 3.73136
4.90941 102.367 14.916 18.9018 3.729
4.89656 92.8233 14.6277 19.989 3.65692
4.39028 79.0837 13.4437 19.1204 3.36093
4.37982 57.5591 13.4386 21.6534 3.35965
4.37556 91.9785 13.8948 18.6903 3.47369
4.34712 96.1841 13.847 19.9765 3.46175
4.39456 82.56 13.9532 22.3884 3.48831
4.80471 71.0233 14.8596 13.732 3.71491
4.35765 101.225 13.904 29.0955 3.47599
4.35326 87.3987 13.5422 18.1186 3.38555
4.27517 59.1839 13.7586 22.9929 3.43966
4.33216 72.6682 13.5205 19.2758 3.38012
4.23743 89.4367 13.7007 17.5295 3.42517
4.22313 83.9754 13.2615 22.1505 3.31537
4.21619 90.434 13.6701 18.3869 3.41753
4.20601 92.423 13.1518 22.0569 3.28796
4.19422 67.1362 13.1326 26.4587 3.28316
4.19662 74.3569 13.6509 11.6625 3.41273
4.18597 86.1518 13.2079 20.3188 3.30198
4.16161 105.041 13.5895 16.9306 3.39738
4.23533 108.431 13.3831 16.9062 3.34577
4.20635 73.5641 13.3153 20.1572 3.32882
4.2146 86.7932 13.349 20.3993 3.33725
4.2104 88.5127 13.3483 21.6182 3.33707
4.18616 60.4008 13.2947 26.9852 3.32366
4.15359 85.2165 13.2209 17.2506 3.30523
4.17333 88.3365 13.2924 18.7686 3.3231
4.0612 72.6898 12.9686 14.8895 3.24216
4.14022 84.2786 13.2337 16.857 3.30842
4.02 84.5866 12.871 13.1479 3.21776
4.00922 75.4062 12.2694 24.941 3.06736
3.99808 71.33 12.243 15.9894 3.06075
3.98728 109.869 12.2147 23.6648 3.05367
4.00306 61.1114 12.2919 25.8621 3.07297
4.02718 68.1933 12.9639 21.5494 3.24097
3.96638 102.293 12.7674 21.7918 3.19185
4.06093 86.4667 13.1137 15.1152 3.27843
3.97454 80.4065 12.8416 11.6029 3.21041
4.03772 89.8726 13.0797 16.9704 3.26991
4.03084 75.2727 13.0728 24.542 3.26821
3.97844 79.5558 12.9236 17.6742 3.23089
3.99757 66.4246 13.0042 16.0805 3.25104
3.88181 77.1259 12.6119 16.2008 3.15299
3.87353 79.6801 12.6083 17.4069 3.15208
3.91938 78.3804 12.8058 19.6052 3.20146
3.94601 105.524 12.9176 27.7795 3.2294
3.85943 70.2242 12.6094 25.82 3.15234
3.8252 93.9836 12.4864 23.8344 3.12161
3.8246 76.1163 12.5023 24.3648 3.12556
3.79393 93.0996 12.389 17.9565 3.09725
3.78436 86.9638 11.6933 19.119 2.92332
3.77495 78.7296 11.6725 19.2172 2.91812
3.78492 67.9958 12.4021 21.8216 3.10051
3.8032 73.0577 12.4961 20.2077 3.12403
3.74951 72.2505 12.2859 26.8843 3.07147
3.82781 70.2655 12.6285 15.1734 3.15713
3.75348 84.979 12.3394 15.3658 3.08484
3.83608 74.4797 12.6929 16.9307 3.17322
3.83813 71.9118 12.7166 20.7393 3.17916
3.80739 92.6431 12.6151 17.6538 3.15376
3.81853 84.9942 12.6723 13.6041 3.16808
3.80471 56.7816 12.6344 20.7465 3.1586
3.80546 71.1646 12.6563 14.7422 3.16408
3.72417 89.2515 12.3591 17.0727 3.08977
3.76364 70.7375 12.5383 24.0648 3.13457
3.65413 91.6139 12.081 19.1377 3.02024
3.67117 84.1306 12.1847 18.286 3.04617
3.62722 101.773 12.0064 13.9299 3.00159
3.60835 64.65 11.9333 23.5421 2.98332
3.63227 90.513 12.072 19.5805 3.018
3.63278 75.9331 12.0945 19.8987 3.02362
3.63291 102.579 12.1124 18.3088 3.02809
3.67123 54.5721 12.3308 18.0983 3.0827
3.60249 80.4831 12.0292 19.2225 3.00729
3.65136 91.5969 12.2959 22.1675 3.07398
3.56217 61.4504 11.8891 24.1675 2.97226
3.58716 68.3033 12.0488 21.9075 3.0122
3.58864 94.9573 12.078 22.3687 3.01949
3.52277 61.5129 11.7539 17.9857 2.93847
3.50054 75.0264 11.652 17.8744 2.913
3.5639 84.4985 12.0189 19.529 3.00473
3.47847 51.5984 11.5733 24.6351 2.89332
3.46341 81.7225 11.5085 18.0642 2.87711
3.5471 76.8883 11.9999 21.4308 2.99997
3.45463 65.9831 11.5278 18.9504 2.88195
3.42836 68.2161 11.3991 21.5678 2.84977
3.45186 92.3879 11.5601 16.4553 2.89002
3.48212 97.9887 11.754 14.4478 2.9385
3.44169 91.6766 11.5494 20.0094 2.88734
3.48913 69.8139 11.8375 19.0925 2.95937
3.49722 74.8593 11.9015 22.5096 2.97538
3.44153 63.7579 10.0819 22.482 2.52048
3.4683 76.3852 10.3452 21.2037 2.5863
3.43894 97.3233 10.1493 20.4684 2.53734
3.4129 74.9176 9.97651 21.2928 2.49413
3.4355 67.6592 10.1912 23.6273 2.54781
3.22236 68.523 7.54169 16.0237 1.88542
3.36133 95.9074 9.68966 21.8857 2.42242
3.18976 74.1181 7.28409 19.9011 1.82102
3.17842 74.4169 6.11069 19.5853 1.52767
3.15997 72.9394 5.95143 19.0863 1.48786
3.1466 76.1086 5.82529 19.7427 1.45632
3.31846 75.9646 9.59435 17.4394 2.39859
3.3273 64.2729 9.74184 22.9176 2.43546
3.09116 80.9007 6.48416 21.295 1.62104
3.07876 77.5414 5.17834 21.4684 1.29458
3.06732 70.5832 5.05353 17.7836 1.26338
3.05624 89.3731 4.94122 18.4611 1.23531
3.0465 82.4988 5.93924 17.9474 1.48481
3.03631 87.1109 4.73081 19.7284 1.1827
3.02302 83.1027 4.58693 19.5507 1.14673
3.00776 78.554 4.43243 19.5314 1.10811
2.99216 71.2902 5.40801 18.3274 1.352
2.9788 79.3995 3.16902 20.2079 0.792256
2.96207 81.6617 3.90002 18.3837 0.975006
2.94671 83.908 2.75862 20.3313 0.689655
2.94189 79.896 1.40764 19.8566 0.351909
2.91469 79.3997 0.938715 20.2758 0.234679
2.9133 79.9888 1.02081 20.1631 0.255201
2.89685 82.924 3.02895 18.9755 0.757238
2.89876 79.7656 0.94178 20.1355 0.235445
2.9314 81.4351 5.24798 18.49 1.312
2.92671 80.9847 5.23001 19.7452 1.3075
2.93983 83.8496 4.27269 18.3919 1.06817
2.92341 76.1569 4.0661 21.1038 1.01653
3.03488 88.9613 5.86467 20.0209 1.46617
2.90114 80.0909 2.59949 20.4708 0.649873
2.90462 80.548 2.75571 19.0428 0.688928
3.04394 75.8269 6.19353 18.3331 1.54838
3.03803 82.9087 6.16892 21.8961 1.54223
3.00172 76.1381 5.68769 19.6376 1.42192
2.98869 87.9518 5.59412 18.9477 1.39853
2.98673 87.0227 5.63585 22.2909 1.40896
2.94911 83.1761 6.11049 20.5189 1.52762
2.91728 85.8114 5.67725 20.3819 1.41931
2.92465 71.7095 5.86438 22.694 1.46609
2.88409 77.9577 5.32459 20.3309 1.33115
2.8945 82.2119 4.39222 19.511 1.09806
2.64982 80.7652 0.8 19.9279 0.2
2.63844 79.3993 0.8 20.3228 0.2
2.61624 78.8251 0.8 20.0904 0.2
2.60352 79.7635 0.8 19.7938 0.2
2.58898 79.949 0.8 20.1775 0.2
2.58263 81.5016 0.8 19.759 0.2
2.57102 79.9192 0.8 19.9801 0.2
2.55596 79.839 0.8 20.0635 0.2
2.53849 78.4085 0.8 20.0066 0.2
2.52705 80.3173 0.8 20.2808 0.2
2.51549 79.8216 0.8 20.0996 0.2
2.50462 80.459 0.8 19.8181 0.2
2.4938 79.7569 0.8 19.9007 0.2
2.47068 80.1798 0.8 20.1422 0.2
2.45919 78.8871 0.8 19.7671 0.2
2.44985 79.9044 0.8 19.9262 0.2
2.43872 78.9465 0.8 20.3163 0.2
2.42809 80.3601 0.8 19.9366 0.2
2.41867 80.7038 0.8 20.3046 0.2
2.40936 79.9619 0.8 20.2525 0.2
2.3944 80.1997 0.8 19.9773 0.2
2.37956 79.2348 0.8 19.8008 0.2
2.36421 80.0815 0.8 19.7926 0.2
2.34755 80.7161 0.8 19.8977 0.2
2.33596 80.5374 0.8 19.8749 0.2
2.32563 80.3698 0.8 20.1437 0.2
2.31429 79.1505 0.8 19.9066 0.2
2.30298 79.3371 0.8 19.8404 0.2
2.2809 79.7189 0.8 19.8085 0.2
2.26946 79.8626 0.8 19.9789 0.2
2.25863 79.4659 0.8 19.9112 0.2
2.24822 81.2262 0.8 19.8074 0.2
2.23607 80.1161 0.8 19.8949 0.2
2.2175 78.9497 0.8 19.7182 0.2
2.20411 79.7174 0.8 19.9488 0.2
2.18814 80.2993 0.8 19.8339 0.2
2.17577 80.6999 0.8 19.7676 0.2
2.15438 80.4239 0.8 19.8742 0.2
2.13549 79.5413 0.8 20.3566 0.2
2.12399 80.1891 0.8 19.6524 0.2
2.10187 80.2541 0.8 20.1375 0.2
2.09036 79.71 0.8 19.7412 0.2
2.06799 81.3148 0.8 20.2299 0.2
2.05686 78.5165 0.8 20.1529 0.2
2.03632 79.4069 0.8 19.6294 0.2
2.02343 80.5739 0.8 20.0603 0.2
2.00691 80.3772 0.8 20.2739 0.2
1.99072 78.1482 0.8 20.139 0.2
1.97586 80.0204 0.8 20.0496 0.2
1.95806 79.3796 0.8 20.1439 0.2
1.94458 78.3518 0.8 20.0979 0.2
1.93288 81.9522 0.8 20.1828 0.2
1.92245 79.4591 0.8 20.3 0.2
1.91172 80.4994 0.8 20.1934 0.2
1.8999 79.5479 0.8 20.1416 0.2
1.88921 78.9229 0.8 20.1259 0.2
1.87826 80.3295 0.8 20.1122 0.2
1.86689 79.4518 0.8 19.7329 0.2
1.84545 80.3176 0.8 19.8134 0.2
1.83348 80.3559 0.8 19.8623 0.2
1.82495 80.0033 0.8 20.1063 0.2
1.81473 79.8826 0.8 20.0061 0.2
1.80171 79.748 0.8 20.0371 0.2
1.78493 79.9342 0.8 20.335 0.2
1.77068 80.4957 0.8 19.8083 0.2
1.75549 79.483 0.8 19.9919 0.2
1.75943 80.2822 0.8 19.8756 0.2
1.74379 79.4988 0.8 19.9353 0.2
1.73415 79.5615 0.8 20.0882 0.2
1.72316 80.5897 0.8 19.5721 0.2
1.71145 78.9018 0.8 20.3047 0.2
1.69545 80.595 0.8 20.1379 0.2
1.67725 80.487 0.8 19.9999 0.2
1.66012 80.4882 0.8 19.8836 0.2
1.64547 80.0614 0.8 20.2244 0.2
1.63942 80.5511 0.8 19.9418 0.2
1.62929 80.9661 0.8 20.0099 0.2
1.61275 81.1673 0.8 20.205 0.2
1.60794 81.023 0.8 19.8867 0.2
1.5974 80.492 0.8 20.2951 0.2
1.58561 80.7181 0.8 19.7484 0.2
1.57513 80.4889 0.8 20.5696 0.2
1.5641 78.0094 0.8 20.2589 0.2
1.55038 80.12 0.8 19.9754 0.2
1.52999 79.2029 0.8 20.3204 0.2
1.5182 80.8379 0.8 19.7482 0.2
1.50778 80.2599 0.8 20.164 0.2
1.49622 79.7194 0.8 19.9736 0.2
1.48461 80.1987 0.8 19.7064 0.2
1.47857 78.9083 0.8 19.9373 0.2
1.47039 79.421 0.8 20.0875 0.2
1.44673 81.3748 0.8 20.1693 0.2
1.44458 79.7763 0.8 19.9548 0.2
1.42429 80.4599 0.8 19.8647 0.2
1.40036 79.1642 0.8 20.1157 0.2
1.3907 78.3046 0.8 20.2091 0.2
1.36784 80.1134 0.8 20.0099 0.2
1.3485 79.9723 0.8 19.9043 0.2
1.32134 80.4942 0.8 20.2782 0.2
1.30845 79.9737 0.8 20.0257 0.2
1.29428 80.7134 0.8 19.9793 0.2
1.2861 78.7458 0.8 20.0033 0.2
1.2836 79.4636 0.8 19.9418 0.2
1.28228 78.9266 0.8 20.098 0.2
1.27593 80.3047 0.8 19.688 0.2
1.26449 78.837 0.8 20.0574 0.2
1.25229 77.6618 0.8 20.0016 0.2
1.24163 80.4952 0.8 20.426 0.2
1.2306 80.4343 0.8 19.9285 0.2
1.21717 79.0269 0.8 20.0417 0.2
1.19475 79.4044 0.8 19.9379 0.2
1.1812 80.1892 0.8 20.0806 0.2
1.16084 80.8438 0.8 20.0875 0.2
1.14661 79.3529 0.8 19.9378 0.2
1.1389 79.0331 0.8 19.8693 0.2
1.12755 80.1755 0.8 20.0436 0.2
1.11221 80.7211 0.8 20.1825 0.2
1.09246 81.3358 0.8 19.9656 0.2
1.078 80.113 0.8 20.2464 0.2
1.06372 79.7688 0.8 20.1985 0.2
1.0517 80.0306 0.8 20.2526 0.2
1.03975 80.4781 0.8 19.8713 0.2
1.03402 80.0328 0.8 20.2479 0.2
1.02207 80.6556 0.8 19.903 0.2
1.01246 80.3977 0.8 20.0292 0.2
1.00192 80.2703 0.8 19.9351 0.2
0.99992 79.3168 0.8 20.0046 0.2
0.997008 78.8567 0.8 20.1128 0.2
0.981903 79.8543 0.8 20.2139 0.2
0.973924 79.3129 0.8 19.6418 0.2
0.962078 80.0963 0.8 19.8232 0.2
0.946479 80.4326 0.8 19.7515 0.2
0.937994 80.1926 0.8 20.1318 0.2
0.927326 79.6401 0.8 20.1112 0.2
0.910001 80.392 0.8 20.1295 0.2
0.904198 79.9653 0.8 20.0542 0.2
0.892291 80.1329 0.8 20.0581 0.2
0.883327 79.9169 0.8 20.4112 0.2
0.869234 78.5838 0.8 19.785 0.2
0.867028 79.8915 0.8 20.3795 0.2
0.854505 79.94 0.8 19.7781 0.2
0.847532 79.2768 0.8 19.9201 0.2
0.838961 79.3731 0.8 20.1038 0.2
0.836852 78.7404 0.8 19.9852 0.2
0.831176 80.4231 0.8 20.2454 0.2
0.820966 80.5201 0.8 20.2266 0.2
0.806816 79.6319 0.8 19.7986 0.2
0.790815 78.783 0.8 19.7091 0.2
0.780843 79.293 0.8 20.3894 0.2
0.76064 79.9608 0.8 20.3134 0.2
0.74427 79.5735 0.8 20.1296 0.2
0.741827 79.3842 0.8 20.3534 0.2
0.728785 80.0065 0.8 19.8815 0.2
0.715391 81.205 0.8 20.1359 0.2
0.708898 79.5165 0.8 19.5889 0.2
0.687137 79.9235 0.8 19.8768 0.2
0.671851 80.8296 0.8 19.9177 0.2
0.653398 79.8527 0.8 19.9326 0.2
0.631068 80.7513 0.8 20.3646 0.2
0.628027 80.5574 0.8 19.6695 0.2
0.622211 81.5516 0.8 19.8515 0.2
0.615837 80.9602 0.8 19.7959 0.2
0.588615 80.4441 0.8 19.801 0.2
0.575417 79.1644 0.8 20.0636 0.2
0.571664 79.1315 0.8 19.8339 0.2
0.556106 78.257 0.8 20.2043 0.2
0.528893 80.6628 0.8 19.9578 0.2
0.519003 81.9017 0.8 20.1216 0.2
0.511853 79.4635 0.8 19.8154 0.2
0.492782 79.9664 0.8 19.9987 0.2
0.481038 80.7327 0.8 20.0087 0.2
0.478704 78.8421 0.8 20.1 0.2
0.456456 80.1855 0.8 19.8682 0.2
0.454498 80.1821 0.8 19.8533 0.2
0.426189 79.5701 0.8 20.0317 0.2
0.426012 79.5597 0.8 20.2934 0.2
0.402859 80.1335 0.8 20.1172 0.2
0.400828 81.1048 0.8 19.6061 0.2
0.402545 79.4392 0.8 20.4698 0.2
0.402484 81.2079 0.8 19.6972 0.2
0.402002 79.4008 0.8 19.7143 0.2
0.400113 80.2863 0.8 19.7857 0.2
0.400919 79.1203 0.8 19.7707 0.2
0.401308 79.5351 0.8 19.795 0.2
0.400844 81.5628 0.8 19.8539 0.2
0.402655 80.0029 0.8 19.8892 0.2
0.402262 79.2411 0.8 20.0358 0.2
0.40236 79.9706 0.8 20.1446 0.2
0.401586 80.8078 0.8 19.5883 0.2
