0 0 0 0 0
0 0 0 0 0
0 0 0 0 0
0 0 0 0 0
0 0 0 0 0
0 0 0 0 0
0 0 0 0 0
0 0 0 0 0
0 0 0 0 0
0 0 0 0 0
0 0 0 0 0
0 0 0 0 0
0 0 0 0 0
0 0 0 0 0
0 0 0 0 0
0 0 0 0 0
0 0 0 0 0
0 0 0 0 0
0 0 0 0 0
0 0 0 0 0
0 0 0 0 0
0 0 0 0 0
0 0 0 0 0
0 0 0 0 0
0 0 0 0 0
0 0 0 0 0
0 0 0 0 0
0 0 0 0 0
0 0 0 0 0
0 0 0 0 0
0 0 0 0 0
0 0 0 0 0
0 0 0 0 0
0 0 0 0 0
0 0 0 0 0
0 0 0 0 0
0 0 0 0 0
0 0 0 0 0
0 0 0 0 0
0 0 0 0 0
0 0 0 0 0
0 0 0 0 0
0 0 0 0 0
0 0 0 0 0
0 0 0 0 0
0 0 0 0 0
0 0 0 0 0
0 0 0 0 0
0 0 0 0 0
0 0 0 0 0
0 0 0 0 0
0 0 0 0 0
0 0 0 0 0
0 0 0 0 0
0 0 0 0 0
0 0 0 0 0
0 0 0 0 0
0 0 0 0 0
0 0 0 0 0
0 0 0 0 0
0 0 0 0 0
0 0 0 0 0
0 0 0 0 0
0 0 0 0 0
0 0 0 0 0
0 0 0 0 0
0 0 0 0 0
0 0 0 0 0
0 0 0 0 0
0 0 0 0 0
0 0 0 0 0
0 0 0 0 0
0 0 0 0 0
0 0 0 0 0
0 0 0 0 0
0 0 0 0 0
0 0 0 0 0
0 0 0 0 0
0 0 0 0 0
0 0 0 0 0
0 0 0 0 0
0 0 0 0 0
0 0 0 0 0
0 0 0 0 0
0 0 0 0 0
0 0 0 0 0
0 0 0 0 0
0 0 0 0 0
0 0 0 0 0
0 0 0 0 0
0 0 0 0 0
0 0 0 0 0
0 0 0 0 0
0 0 0 0 0
0 0 0 0 0
0 0 0 0 0
0 0 0 0 0
0 0 0 0 0
0 0 0 0 0
0 0 0 0 0
0 0 0 0 0
0 0 0 0 0
0 0 0 0 0
0 0 0 0 0
0 0 0 0 0
0 0 0 0 0
0 0 0 0 0
0 0 0 0 0
0 0 0 0 0
0 0 0 0 0
0 0 0 0 0
0 0 0 0 0
0 0 0 0 0
10.9372 78.087 11.8129 14.9953 2.95322
0 0 0 0 0
0 0 0 0 0
0 0 0 0 0
0 0 0 0 0
0 0 0 0 0
0 0 0 0 0
0 0 0 0 0
0 0 0 0 0
0 0 0 0 0
0 0 0 0 0
0 0 0 0 0
0 0 0 0 0
0 0 0 0 0
0 0 0 0 0
10.7541 101.627 11.7561 20.4937 2.93901
0 0 0 0 0
0 0 0 0 0
0 0 0 0 0
10.681 86.7204 11.733 21.6987 2.93325
0 0 0 0 0
0 0 0 0 0
0 0 0 0 0
10.6335 82.0094 11.7179 21.9761 2.92947
0 0 0 0 0
0 0 0 0 0
0 0 0 0 0
10.5914 76.158 11.7044 21.569 2.92611
0 0 0 0 0
0 0 0 0 0
0 0 0 0 0
0 0 0 0 0
0 0 0 0 0
0 0 0 0 0
0 0 0 0 0
0 0 0 0 0
0 0 0 0 0
0 0 0 0 0
0 0 0 0 0
0 0 0 0 0
0 0 0 0 0
0 0 0 0 0
0 0 0 0 0
10.4184 75.9999 11.6484 19.674 2.91209
10.4084 65.4497 11.6451 19.5373 2.91126
10.3976 84.9383 11.6415 20.4998 2.91038
10.3842 76.9169 11.6371 19.887 2.90928
0 0 0 0 0
0 0 0 0 0
0 0 0 0 0
0 0 0 0 0
0 0 0 0 0
0 0 0 0 0
0 0 0 0 0
0 0 0 0 0
0 0 0 0 0
0 0 0 0 0
0 0 0 0 0
0 0 0 0 0
10.2013 75.1747 11.5761 25.7717 2.89402
10.1934 91.9122 11.5735 17.8973 2.89336
10.1864 73.2262 11.5711 17.2214 2.89277
10.174 91.1124 11.5669 16.0055 2.89172
0 0 0 0 0
0 0 0 0 0
0 0 0 0 0
0 0 0 0 0
0 0 0 0 0
0 0 0 0 0
0 0 0 0 0
0 0 0 0 0
0 0 0 0 0
0 0 0 0 0
0 0 0 0 0
0 0 0 0 0
10.0074 71.7769 11.5098 20.0904 2.87744
0 0 0 0 0
0 0 0 0 0
9.96159 55.3655 11.4938 21.446 2.87346
9.94636 58.8834 11.4885 19.6848 2.87213
9.93064 86.4324 11.483 21.0597 2.87076
0 0 0 0 0
9.90789 74.2934 11.475 24.251 2.86876
9.88667 87.8408 11.4676 20.3948 2.86689
0 0 0 0 0
0 0 0 0 0
0 0 0 0 0
0 0 0 0 0
0 0 0 0 0
9.80007 57.6236 11.4369 21.672 2.85921
9.78995 83.8594 11.4332 17.5085 2.85831
9.77839 92.2769 11.4291 16.1229 2.85728
9.77039 100.246 11.4262 19.1321 2.85656
9.75724 99.2571 11.4215 21.9945 2.85538
0 0 0 0 0
9.73893 75.9695 11.4149 20.083 2.85374
9.73138 72.648 11.4122 18.1978 2.85306
9.71303 63.8099 11.4056 13.5837 2.8514
0 0 0 0 0
0 0 0 0 0
0 0 0 0 0
9.6798 82.1071 11.3936 21.1046 2.84839
0 0 0 0 0
0 0 0 0 0
9.65043 68.4578 11.3829 20.5231 2.84572
9.63822 74.4841 11.3784 20.6907 2.84461
0 0 0 0 0
0 0 0 0 0
0 0 0 0 0
0 0 0 0 0
9.58372 86.9904 11.3584 17.3408 2.83961
9.57483 92.3253 11.3552 19.6977 2.83879
9.56194 99.5339 11.3504 24.9863 2.8376
9.55245 78.6329 11.3469 23.7921 2.83673
9.54031 72.0171 11.3424 21.5045 2.83561
9.53462 82.6729 11.3403 22.2751 2.83508
9.52695 86.3215 11.3375 22.333 2.83437
9.51255 91.9884 11.3321 23.3373 2.83303
0 0 0 0 0
0 0 0 0 0
0 0 0 0 0
0 0 0 0 0
9.46365 59.4045 11.3139 22.1846 2.82847
9.45269 89.9513 11.3098 21.2232 2.82744
9.4485 84.9355 11.3082 19.5934 2.82705
0 0 0 0 0
0 0 0 0 0
0 0 0 0 0
9.40266 70.7824 11.2909 24.6302 2.82273
0 0 0 0 0
0 0 0 0 0
9.36665 73.6158 11.2773 19.6756 2.81932
9.35523 69.5266 11.2729 17.5062 2.81823
9.35031 83.9404 11.2711 19.1632 2.81777
9.34197 84.7886 11.2679 20.2328 2.81697
9.32317 74.9293 11.2607 17.3647 2.81518
0 0 0 0 0
0 0 0 0 0
9.28104 79.4512 11.2445 21.1811 2.81114
9.27214 68.6321 11.2411 20.6016 2.81028
0 0 0 0 0
9.23639 71.021 11.2273 22.3098 2.80683
9.21877 85.1259 11.2205 21.2445 2.80512
0 0 0 0 0
9.28237 62.8331 11.2451 21.6962 2.81126
0 0 0 0 0
0 0 0 0 0
9.15152 81.4177 11.1942 16.3254 2.79855
9.13584 82.9078 11.1881 19.6967 2.79701
9.11851 88.2045 11.1812 13.1562 2.79531
0 0 0 0 0
0 0 0 0 0
0 0 0 0 0
0 0 0 0 0
0 0 0 0 0
9.03142 80.5232 11.1467 21.2849 2.78666
0 0 0 0 0
9.01272 78.9703 11.1392 12.4663 2.78479
0 0 0 0 0
0 0 0 0 0
9.23941 71.9372 11.2285 15.7752 2.80712
8.97446 97.7326 11.1238 17.9137 2.78095
9.03081 80.3646 11.1464 22.9304 2.7866
8.92807 96.2771 11.105 19.3848 2.77625
8.91621 103.905 11.1002 26.1855 2.77505
8.90143 72.7708 11.0942 21.8641 2.77354
8.88332 62.5297 11.0868 21.6512 2.77169
8.98986 91.6768 11.13 21.1737 2.7825
0 0 0 0 0
0 0 0 0 0
8.84078 69.8319 11.0693 22.6891 2.76733
8.8353 80.6746 11.0671 12.9751 2.76676
8.81453 88.4033 11.0585 22.4894 2.76462
0 0 0 0 0
0 0 0 0 0
0 0 0 0 0
8.97965 69.8562 11.1259 23.3604 2.78147
0 0 0 0 0
0 0 0 0 0
8.72906 75.4409 11.0229 17.3066 2.75573
8.82346 69.9748 11.0622 20.6752 2.76554
8.70878 80.0762 11.0144 20.4593 2.7536
8.7864 90.5046 11.0468 20.5786 2.76171
9.00414 89.2327 11.1357 17.5814 2.78393
8.67947 61.9759 11.002 14.2786 2.75051
8.66233 83.1123 10.9948 20.3588 2.7487
8.6635 80.316 10.9953 21.293 2.74882
0 0 0 0 0
0 0 0 0 0
0 0 0 0 0
0 0 0 0 0
8.60997 64.745 10.9725 27.0035 2.74313
0 0 0 0 0
0 0 0 0 0
8.57658 90.7573 10.9582 19.4598 2.73955
8.5707 85.1344 10.3695 22.3851 2.59237
8.56194 58.8019 10.3661 20.5907 2.59151
0 0 0 0 0
0 0 0 0 0
0 0 0 0 0
0 0 0 0 0
0 0 0 0 0
8.79512 86.6768 11.0504 22.1837 2.76261
0 0 0 0 0
0 0 0 0 0
8.46325 82.5358 10.9091 22.8796 2.72727
8.44727 62.0282 10.9021 21.5079 2.72552
8.44789 75.4682 10.9023 27.0444 2.72558
8.42871 77.0511 10.8939 20.4728 2.72348
0 0 0 0 0
0 0 0 0 0
0 0 0 0 0
0 0 0 0 0
0 0 0 0 0
0 0 0 0 0
0 0 0 0 0
0 0 0 0 0
0 0 0 0 0
0 0 0 0 0
8.43691 82.233 10.8975 20.3977 2.72438
0 0 0 0 0
0 0 0 0 0
0 0 0 0 0
0 0 0 0 0
8.24585 73.1638 10.2299 17.0926 2.55748
8.22984 68.4605 10.8049 20.0454 2.70122
8.71873 89.1319 10.431 19.0316 2.60775
8.70629 88.0278 10.4258 13.4571 2.60645
8.20529 77.7041 10.7937 22.5008 2.69843
0 0 0 0 0
0 0 0 0 0
0 0 0 0 0
0 0 0 0 0
0 0 0 0 0
8.34862 79.6678 10.8584 17.021 2.7146
8.11583 89.446 10.7525 17.5153 2.68812
0 0 0 0 0
0 0 0 0 0
0 0 0 0 0
0 0 0 0 0
0 0 0 0 0
0 0 0 0 0
0 0 0 0 0
8.51378 89.2019 10.346 21.7995 2.5865
8.16887 72.3332 10.1644 20.1289 2.5411
8.49268 73.1537 10.337 17.9827 2.58426
7.99049 61.2129 10.6937 21.681 2.67342
0 0 0 0 0
0 0 0 0 0
7.94316 76.8839 10.6711 20.731 2.66778
0 0 0 0 0
0 0 0 0 0
0 0 0 0 0
0 0 0 0 0
0 0 0 0 0
0 0 0 0 0
0 0 0 0 0
0 0 0 0 0
0 0 0 0 0
8.32928 84.2193 10.2671 21.5762 2.56677
8.31717 84.4494 10.2617 19.1005 2.56543
8.30857 85.2025 10.258 12.8678 2.56449
8.29831 68.3618 10.2535 19.8406 2.56338
8.28638 84.9702 10.2484 21.287 2.5621
0 0 0 0 0
0 0 0 0 0
8.12338 90.2234 10.756 23.5458 2.689
0 0 0 0 0
0 0 0 0 0
0 0 0 0 0
0 0 0 0 0
0 0 0 0 0
0 0 0 0 0
0 0 0 0 0
0 0 0 0 0
0 0 0 0 0
8.12287 90.9555 10.7558 18.3237 2.68894
0 0 0 0 0
0 0 0 0 0
8.0918 62.9625 10.1619 19.3076 2.54047
0 0 0 0 0
0 0 0 0 0
0 0 0 0 0
0 0 0 0 0
8.01493 71.6546 10.1267 24.8589 2.53167
7.99719 78.0384 10.1186 18.6605 2.52965
7.9832 63.4952 10.1121 22.0521 2.52803
0 0 0 0 0
0 0 0 0 0
0 0 0 0 0
7.93641 58.6984 10.0907 20.525 2.52267
0 0 0 0 0
0 0 0 0 0
0 0 0 0 0
0 0 0 0 0
0 0 0 0 0
7.83299 81.1809 10.042 21.0576 2.5105
7.82056 74.24 10.0361 17.8544 2.50903
0 0 0 0 0
7.80075 77.6154 10.6021 17.3234 2.65053
7.79004 68.28 10.0217 18.2849 2.50544
7.7783 72.5812 10.0162 16.9952 2.50405
7.76929 84.8082 10.0117 20.637 2.50293
7.75969 78.6798 10.0072 17.4363 2.5018
7.7467 70.1025 10.001 19.3266 2.50025
7.73991 91.7694 9.9978 16.8102 2.49945
0 0 0 0 0
0 0 0 0 0
0 0 0 0 0
7.69777 85.1007 9.97728 20.9162 2.49432
0 0 0 0 0
0 0 0 0 0
7.66843 99.1824 9.96318 18.8025 2.4908
7.65552 84.8258 9.95683 18.0264 2.48921
0 0 0 0 0
0 0 0 0 0
0 0 0 0 0
0 0 0 0 0
7.59395 62.4935 9.92651 19.6703 2.48163
7.58463 80.3704 9.922 19.5881 2.4805
7.57458 80.2297 9.91693 25.2428 2.47923
7.56159 90.4067 9.91048 18.0939 2.47762
7.54524 89.5623 9.90247 22.2026 2.47562
7.53035 85.7565 9.89501 20.695 2.47375
7.51311 84.9023 9.88639 18.6537 2.4716
0 0 0 0 0
7.49366 74.8551 9.87661 22.0276 2.46915
7.48275 75.0786 9.87109 23.7071 2.46777
7.47361 70.2375 9.86656 16.5645 2.46664
7.46373 84.5633 9.86149 19.2312 2.46537
0 0 0 0 0
0 0 0 0 0
7.4179 78.6699 9.8382 17.1896 2.45955
0 0 0 0 0
7.38985 65.6793 9.82398 18.7437 2.456
7.37915 80.1162 9.81829 21.9421 2.45457
7.36938 85.4536 9.81339 22.9837 2.45335
7.35815 80.0863 9.80762 19.8182 2.4519
7.33812 69.3845 9.79723 17.8569 2.44931
7.32546 75.3573 9.79067 21.6734 2.44767
7.30807 89.7061 9.78157 19.7751 2.44539
7.29612 95.2684 9.7753 21.4415 2.44383
7.28839 82.4324 9.7714 23.0875 2.44285
7.27692 67.8783 9.76525 20.7392 2.44131
0 0 0 0 0
0 0 0 0 0
7.23439 93.4682 9.74295 21.8346 2.43574
7.21485 91.0576 9.7326 18.1944 2.43315
7.20256 76.8829 9.72611 22.1751 2.43153
7.18204 82.7025 9.71515 19.7402 2.42879
0 0 0 0 0
7.15228 73 9.69913 20.1604 2.42478
7.1431 87.4225 9.69428 20.1762 2.42357
7.13223 75.4836 9.68835 21.3014 2.42209
7.12037 89.5273 9.68194 20.8676 2.42049
7.10247 79.9559 9.67234 21.4118 2.41808
7.09053 74.6697 9.6659 18.4281 2.41647
7.07338 80.2827 9.65652 20.4259 2.41413
7.05837 79.1517 9.64834 20.6048 2.41208
0 0 0 0 0
7.02938 87.7802 9.63233 22.6639 2.40808
7.02054 84.9958 9.62757 18.5376 2.40689
7.01054 71.9759 9.62195 17.3404 2.40549
6.99797 76.7201 9.61504 25.9998 2.40376
0 0 0 0 0
6.96892 75.0754 9.59896 22.2763 2.39974
6.95803 96.4395 9.59281 18.7019 2.3982
6.94808 86.9889 9.58737 19.9099 2.39684
6.93654 70.2466 9.58088 17.966 2.39522
6.92744 83.4698 9.57583 17.7433 2.39396
6.91735 80.3385 9.57019 22.118 2.39255
6.90504 70.2639 9.56326 21.628 2.39082
6.89641 75.0069 9.55829 20.6951 2.38957
6.88609 85.7178 9.55238 19.5171 2.38809
6.87333 89.217 9.54513 17.1332 2.38628
6.8668 98.1541 9.2422 18.4792 2.31055
6.85686 83.6491 9.03552 20.392 2.25888
6.84333 85.5529 9.52819 20.9215 2.38205
6.83657 79.2871 9.52418 22.1037 2.38105
6.82525 74.0364 9.01791 21.6634 2.25448
6.81183 73.8147 9.51015 18.0169 2.37754
6.80672 85.027 9.50723 17.9671 2.37681
6.79532 96.2857 9.00136 16.8144 2.25034
6.78212 94.5138 8.99385 17.6329 2.24846
6.77499 76.6124 8.99007 25.2572 2.24752
6.76392 95.5 8.98369 21.0203 2.24592
6.74954 80.6884 8.97568 22.6763 2.24392
6.74261 64.9104 8.97189 17.0996 2.24297
6.73013 93.147 8.96475 20.3016 2.24119
6.72143 85.8526 9.45763 17.0277 2.36441
6.71081 74.4804 9.45131 19.8033 2.36283
6.69934 69.5726 9.14706 19.6342 2.28676
6.69056 79.9439 9.43955 20.1363 2.35989
6.67996 80.5172 9.43319 24.6667 2.3583
6.66856 62.3874 9.42657 22.2529 2.35664
6.65959 71.1123 9.42106 20.183 2.35526
6.65051 78.2785 9.11892 20.0694 2.27973
6.63869 89.7215 9.40881 18.777 2.3522
6.63107 83.594 9.40425 21.8065 2.35106
6.61996 69.7002 8.90176 21.6909 2.22544
6.60012 72.9164 8.89026 15.9233 2.22257
6.58603 80.49 8.88207 19.7506 2.22052
6.57103 78.5312 9.36816 18.4082 2.34204
6.56675 81.6713 9.36552 16.6959 2.34138
6.55521 86.3033 8.86395 19.7208 2.21599
6.54367 75.2628 8.85722 20.0723 2.2143
6.53522 83.5315 8.8523 20.1369 2.21307
6.52456 79.3372 8.84592 19.2308 2.21148
6.51298 74.5868 8.83917 22.4962 2.20979
6.50491 79.7964 8.8344 18.5645 2.2086
6.49468 77.9503 8.8284 23.7211 2.2071
6.48148 73.9231 8.82042 16.6195 2.2051
6.47412 70.1287 9.30896 21.9803 2.32724
6.46235 86.3828 9.30159 19.1307 2.3254
6.45257 73.0795 9.29547 20.4496 2.32387
6.44257 75.3636 9.28932 21.0862 2.32233
6.43114 80.1733 9.28229 19.4919 2.32057
6.42243 77.6225 9.27679 17.038 2.3192
6.41225 72.3159 9.27038 20.9582 2.31759
6.39992 69.4005 9.26257 17.8127 2.31564
6.39328 86.6987 8.9649 18.2045 2.24122
6.38197 74.6276 8.76054 19.0202 2.19014
6.36837 71.5999 9.24272 25.2916 2.31068
6.35274 80.3939 9.23292 17.0123 2.30823
6.33937 82.4078 8.73451 21.4827 2.18363
6.33091 87.3302 8.7293 22.912 2.18232
6.32154 64.2083 8.72364 17.9611 2.18091
6.30827 83.7433 8.71529 22.9153 2.17882
6.28964 80.1875 8.70375 20.3579 2.17594
6.27671 75.8488 8.69563 21.6763 2.17391
6.25816 73.2055 8.68399 21.5155 2.171
6.24555 73.7871 8.67624 17.5101 2.16906
6.22799 83.5874 8.66509 20.1762 2.16627
6.21562 74.9782 9.14455 18.0685 2.28614
6.20776 80.227 9.13945 16.1862 2.28486
6.19834 83.4818 8.64658 18.8432 2.16165
6.18499 68.2637 8.63787 20.1608 2.15947
6.17764 84.152 8.63337 22.7494 2.15834
6.16659 81.2361 8.6262 19.9197 2.15655
6.15279 72.5129 8.6173 20.3 2.15433
6.13675 69.9881 8.60719 18.416 2.1518
6.12428 80.4603 8.59913 21.0424 2.14978
6.11567 89.8297 8.59353 18.0464 2.14838
6.10431 90.0258 8.58625 21.9004 2.14656
6.0938 79.6636 8.57945 23.2069 2.14486
6.07477 68.2846 8.5671 20.5462 2.14178
6.06254 74.8869 8.55907 20.0909 2.13977
6.04285 81.9906 8.54591 21.8006 2.13648
6.03073 82.744 8.53812 20.6233 2.13453
6.01023 104.682 8.52442 21.6162 2.13111
6.0031 79.2247 8.51993 21.3718 2.12998
5.99257 85.9058 8.51287 18.9991 2.12822
5.98053 89.4036 8.50484 19.0019 2.12621
5.96067 74.0278 8.49162 19.146 2.1229
5.94857 78.4927 8.48349 20.0479 2.12087
5.94 73.4002 8.4777 17.3103 2.11942
5.93016 84.1016 8.47108 20.9376 2.11777
5.91878 74.883 8.46355 23.4163 2.11589
5.90972 88.6711 8.45732 23.8329 2.11433
5.89949 71.6283 8.45038 15.3477 2.11259
5.88692 62.7629 8.44176 23.3999 2.11044
5.8797 91.6827 8.43698 24.352 2.10924
5.86897 69.5585 8.42952 20.9766 2.10738
5.8556 93.7421 8.42025 20.9453 2.10506
5.848 93.2481 8.41514 18.5295 2.10379
5.83803 82.3622 8.40826 21.2516 2.10206
5.82574 73.5902 8.39992 21.1427 2.09998
5.81694 84.1381 8.39351 19.6185 2.09838
5.80692 61.1196 8.38661 20.3858 2.09665
5.79162 73.6756 8.37604 21.5086 2.09401
5.78651 75.8418 8.37247 22.7482 2.09312
5.77635 77.7083 8.36537 20.9001 2.09134
5.76341 83.4776 8.35615 18.1133 2.08904
5.75714 85.4307 8.35212 20.3877 2.08803
5.74613 75.2637 8.34418 17.4522 2.08604
5.73281 79.1633 8.33466 18.4217 2.08366
5.72525 61.2365 8.32931 21.4225 2.08233
5.71546 73.8939 8.32246 20.539 2.08062
5.70353 74.7804 8.31399 18.5091 2.0785
5.69474 82.354 8.30771 21.8149 2.07693
5.68539 66.4029 8.30116 18.3705 2.07529
5.6727 69.071 8.29189 20.8709 2.07297
5.66436 98.0353 8.28605 19.8699 2.07151
5.65372 69.5607 8.27822 21.8929 2.06955
5.6411 102.409 8.26909 19.5442 2.06727
5.63325 83.6816 8.26346 20.6539 2.06587
5.62279 97.7415 8.25573 18.3539 2.06393
5.6114 93.7348 8.2476 22.4076 2.0619
5.60251 86.5615 8.24091 20.4827 2.06023
5.59037 88.9245 8.23207 23.9413 2.05802
5.58245 76.4054 8.22631 16.0409 2.05658
5.57268 73.4597 8.2193 20.126 2.05483
5.55959 84.2349 8.20945 18.5069 2.05236
5.54209 75.6154 8.19663 17.9323 2.04916
5.53062 67.3623 8.18801 22.2573 2.047
5.52136 83.2913 8.18112 18.7635 2.04528
5.51095 59.8425 8.1733 19.7461 2.04332
5.49923 80.1386 8.16451 22.0224 2.04113
5.48106 92.0169 8.15104 21.8351 2.03776
5.46864 87.1769 8.14163 21.2307 2.03541
5.44957 83.1515 8.12706 19.8378 2.03176
5.43882 81.7851 8.11897 17.4088 2.02974
5.41894 97.79 8.10368 20.419 2.02592
5.39887 68.9934 8.08829 19.9398 2.02207
5.38492 67.909 8.07739 16.589 2.01935
5.3741 95.3425 8.06911 21.1016 2.01728
5.36521 78.629 8.06216 17.3882 2.01554
5.35463 62.4911 8.05391 22.8892 2.01348
5.34167 73.6781 8.04394 21.0782 2.01098
5.33502 74.6566 8.0388 19.2714 2.0097
5.32506 87.021 8.03098 19.4179 2.00774
5.31195 83.795 8.02053 18.2466 2.00513
5.30397 67.1691 8.01427 20.7262 2.00357
5.29415 81.1775 8.00653 16.8966 2.00163
5.2832 80.1633 7.99796 19.5756 1.99949
5.27144 74.0726 7.98851 20.4984 1.99713
5.25783 77.514 7.97748 21.7607 1.99437
5.24065 70.3857 7.96385 21.0868 1.99096
5.22905 83.8375 7.95461 21.5647 1.98865
5.21959 72.6591 7.94679 17.7457 1.9867
5.20927 86.0917 7.93856 18.7506 1.98464
5.19856 83.8923 7.9299 21.6325 1.98247
5.1777 69.3661 7.91286 19.3971 1.97822
5.1653 92.7253 7.90268 17.8312 1.97567
5.15759 79.9729 7.89654 19.5155 1.97414
5.14723 64.4516 7.88797 20.8592 1.97199
5.13396 83.3547 7.87692 20.6521 1.96923
5.12594 76.5337 7.87021 18.2613 1.96755
5.11547 83.5 7.86137 19.5595 1.96534
5.10403 70.6141 7.852 20.248 1.963
5.09532 79.8802 7.84457 18.0595 1.96114
5.08567 73.3036 7.69689 23.4857 1.92422
5.07396 101.832 7.68754 20.7612 1.92189
5.06478 79.0216 7.81903 19.7872 1.95476
5.05547 78.7615 7.81132 18.8434 1.95283
5.0428 77.7779 7.80049 19.6032 1.95012
5.03486 63.8114 7.79379 21.4174 1.94845
5.02418 79.2045 7.78465 19.1603 1.94616
5.01221 74.2303 7.77442 18.5734 1.94361
5.00396 90.1341 7.7674 22.195 1.94185
4.99375 84.6373 7.75854 19.0646 1.93964
4.98041 83.2391 7.74709 19.0053 1.93677
4.97115 73.1254 7.73908 22.6398 1.93477
4.47058 84.4765 7.0476 19.7359 1.7619
4.49132 95.2955 7.07367 20.0272 1.76842
4.94095 88.3774 7.71277 17.9598 1.92819
4.9293 78.1918 7.7026 21.4596 1.92565
4.92051 68.5621 7.69493 20.7967 1.92373
4.9106 89.4792 7.68621 21.3401 1.92155
4.43717 66.6348 7.01887 18.9342 1.75472
4.88914 86.16 7.66702 22.2606 1.91676
4.39324 76.0705 6.86506 17.5296 1.71626
4.37755 68.3501 6.95232 21.1085 1.73808
4.84853 77.1773 7.63085 20.9028 1.90771
4.83713 87.5207 7.48358 21.7442 1.87089
4.33912 74.3204 6.80742 19.0667 1.70186
4.32747 87.6719 6.89978 20.9092 1.72494
4.31535 84.3872 6.79938 19.1752 1.69985
4.36103 80.7667 6.86027 19.3709 1.71507
4.33164 84.9619 6.82606 20.1693 1.70652
4.3314 74.0175 6.91422 20.8558 1.72855
4.32577 85.0614 6.8227 19.9309 1.70567
4.32724 78.2797 6.82616 20.4856 1.70654
4.3065 86.0052 6.80265 20.6941 1.70066
4.27205 80.1453 6.76306 16.9941 1.69076
4.28486 91.5882 6.86607 19.6039 1.71652
4.20804 78.3348 6.77189 18.9826 1.69297
4.21069 74.809 6.68998 18.9872 1.6725
4.17614 69.4994 6.64618 17.4208 1.66154
4.1637 86.4197 6.54803 18.8855 1.63701
4.16377 81.3869 6.63863 22.8213 1.65966
4.13967 82.3402 6.60798 20.1466 1.65199
4.18668 89.2109 6.67377 19.7649 1.66844
4.21678 82.1518 6.71551 19.4228 1.67888
4.13706 84.3585 6.61234 22.9756 1.65309
4.16937 80.84 6.65977 19.9775 1.66494
4.10531 79.1304 6.57667 17.569 1.64417
4.1255 83.598 6.60837 17.4934 1.65209
4.13682 85.3095 6.62609 18.7872 1.65652
4.10219 76.7907 6.58353 17.6487 1.64588
4.01143 84.9888 6.45955 18.7006 1.61489
4.00176 83.6244 6.36489 20.5954 1.59122
4.06539 78.5437 6.54042 19.7498 1.6351
3.97129 76.5116 6.41259 19.4985 1.60315
3.9588 92.3663 6.31382 18.9542 1.57846
4.00734 85.0752 6.47065 18.7854 1.61766
3.93325 87.7143 6.36846 19.0422 1.59212
4.0398 73.5741 6.523 18.9586 1.63075
3.99309 76.6674 6.46039 19.8243 1.6151
4.01736 87.0584 6.4985 20.2233 1.62462
3.99336 85.1827 6.46746 17.4719 1.61687
3.93884 72.8763 6.39451 18.7565 1.59863
3.97826 83.365 6.45343 18.0689 1.61336
3.84187 82.3084 6.26056 18.7315 1.56514
3.91944 73.574 6.37676 20.9798 1.59419
3.7995 76.7692 6.20476 19.0359 1.55119
3.80207 77.3458 6.12951 18.1831 1.53238
3.79455 87.1292 6.20432 19.4602 1.55108
3.76443 74.5779 6.16165 19.67 1.54041
3.826 83.8498 6.25842 22.1626 1.5646
3.76507 69.9921 6.16973 20.1295 1.54243
3.86075 89.5788 6.31699 19.5694 1.57925
3.78264 78.0589 6.20368 23.4974 1.55092
3.83061 79.1862 6.27968 19.0103 1.56992
3.77789 79.8636 6.20397 19.633 1.55099
3.74381 74.4365 6.15592 21.6902 1.53898
3.78477 76.1366 6.22089 23.681 1.55522
3.68089 87.615 6.06356 20.8575 1.51589
3.66484 72.2559 6.04081 19.0815 1.5102
3.69912 81.5241 6.09724 19.4543 1.52431
3.63107 83.2519 5.99223 16.5084 1.49806
3.64053 88.1645 6.0101 20.1308 1.50253
3.63579 84.9377 6.0045 18.2107 1.50112
3.63513 70.9745 6.006 21.1601 1.5015
3.59704 75.9504 5.94818 22.3323 1.48704
3.59605 84.9626 5.95125 19.1771 1.48781
3.61346 79.5125 5.98248 21.0999 1.49562
3.68614 76.2865 6.10085 19.3782 1.52521
3.61179 81.5991 5.98645 20.2475 1.49661
3.66308 75.6403 6.06982 21.3493 1.51746
3.65968 93.5479 6.06663 19.3235 1.51666
3.64896 84.1081 6.05253 20.4195 1.51313
3.60272 79.9897 5.98095 20.3841 1.49524
3.56932 79.0401 5.92952 19.6534 1.48238
3.57339 76.7394 5.93882 20.8564 1.4847
3.53123 79.8846 5.8721 21.7976 1.46802
3.49307 82.2932 5.81128 23.0869 1.45282
3.52602 81.5419 5.86887 20.0614 1.46722
3.4606 85.4162 5.76159 21.0226 1.4404
3.45646 76.897 5.75691 20.3719 1.43923
3.44958 80.6052 5.7481 19.5443 1.43702
3.47605 76.7952 5.79488 21.2294 1.44872
3.49021 98.795 5.82106 20.1059 1.45527
3.43612 78.0703 5.7326 18.3582 1.43315
3.45725 76.3219 5.77045 21.5385 1.44261
3.52482 84.8408 5.88615 20.7994 1.47154
3.50646 77.3904 5.85835 18.545 1.46459
3.51422 78.4551 5.87355 17.6928 1.46839
3.50834 87.0625 5.86623 19.3892 1.46656
3.37777 74.198 5.64755 20.7601 1.41189
3.44738 82.0106 5.77114 19.0258 1.44278
3.45502 79.0779 5.64985 20.0845 1.41246
3.39645 82.6143 5.55337 20.2007 1.38834
3.4329 79.7604 5.61744 23.6972 1.40436
3.42401 71.5343 5.60512 21.1058 1.40128
3.36163 78.9128 5.50159 19.3411 1.3754
3.42246 77.3787 5.60776 18.6401 1.40194
3.19331 81.9762 5.17312 20.5667 1.29328
3.36396 87.5177 5.51597 18.7359 1.37899
3.16037 80.6523 5.12023 19.2062 1.28006
3.14773 70.7844 5.09438 17.7495 1.2736
3.14198 76.8408 5.0452 19.1592 1.2613
3.13024 87.0254 5.07182 20.6668 1.26796
3.11846 75.8396 5.05246 19.2122 1.26312
3.11186 76.4118 5.04227 17.6686 1.26057
3.32093 76.1288 5.46025 17.6565 1.36506
3.08721 88.542 4.95623 19.3943 1.23906
3.30785 75.8315 5.38971 21.3564 1.34743
3.06003 88.3117 4.91065 20.0363 1.22766
3.03878 76.3675 4.87493 20.0306 1.21873
3.02635 85.6316 4.86593 22.1116 1.21648
3.00402 83.1352 4.85928 20.3856 1.21482
2.99465 77.5746 4.80021 20.0425 1.20005
2.98255 73.363 4.77884 18.0405 1.19471
3.00073 72.2061 4.81579 18.4694 1.20395
2.96179 84.1628 4.71485 18.6634 1.17871
3.00522 83.29 4.86878 20.2842 1.2172
2.93862 75.5631 4.74131 21.0446 1.18533
2.92834 79.0298 4.68391 20.6884 1.17098
2.94887 82.2071 4.76563 19.0125 1.19141
2.9068 72.734 4.68356 18.9936 1.17089
2.90477 76.2963 4.68233 21.883 1.17058
2.8882 78.4131 4.61152 19.6704 1.15288
2.99038 83.9534 4.77527 19.2676 1.19382
3.00383 65.9598 4.8835 20.4455 1.22087
2.92028 76.8349 4.68151 19.2064 1.17038
3.06589 88.2137 4.95743 19.5471 1.23936
2.85244 81.5007 4.48814 20.5468 1.12203
3.10439 88.1739 5.03479 18.8595 1.2587
2.90747 79.6279 4.62704 19.592 1.15676
3.06349 73.4082 4.96253 21.6261 1.24063
2.86721 76.0985 4.55017 21.318 1.13754
2.84764 73.799 4.48833 20.3468 1.12208
2.99149 79.7765 4.86948 21.631 1.21737
2.86291 84.4184 4.58132 19.1198 1.14533
2.88801 74.9872 4.60096 20.2508 1.15024
2.83575 82.2983 4.53003 19.746 1.13251
2.98172 87.1824 4.8177 19.9206 1.20442
2.99455 85.4505 4.84555 20.7092 1.21139
2.91485 74.394 4.731 20.7408 1.18275
2.95983 76.4573 4.78218 20.2817 1.19554
2.85534 85.0754 4.5814 19.6431 1.14535
2.99503 81.1802 4.85562 17.9108 1.21391
2.8436 83.3747 4.52727 18.5421 1.13182
2.84376 77.9904 4.56379 20.4978 1.14095
2.9469 92.8204 4.77217 20.1832 1.19304
2.65492 82.9419 4.1075 20.3725 1.02688
2.64974 83.1313 4.09764 18.4881 1.02441
2.63271 76.4783 4.0618 18.3317 1.01545
2.62981 82.8647 4.07909 19.7898 1.01977
2.6173 75.1784 4.02577 19.3783 1.00644
2.59713 79.6275 3.98344 19.8079 0.99586
2.58165 74.5379 3.95086 19.6225 0.987714
2.56333 82.0389 3.9178 21.9102 0.979449
2.54246 78.2832 3.86727 20.8528 0.966818
2.52755 77.6588 3.83772 19.9753 0.95943
2.50645 87.951 3.78745 20.0535 0.946862
2.49675 81.0408 3.76665 21.0164 0.941662
2.48417 77.223 3.73753 21.115 0.934383
2.47474 82.2522 3.71653 19.7178 0.929134
2.4626 82.5403 3.69028 18.9122 0.92257
2.43981 75.1744 3.63701 19.614 0.909251
2.42973 73.3389 3.6145 18.5177 0.903624
2.4171 82.1872 3.56359 20.256 0.890897
2.40871 85.3845 3.56465 22.0619 0.891163
2.39641 90.344 3.53642 20.539 0.884106
2.37794 80.8579 3.49202 18.5985 0.873005
2.36302 76.0559 3.43585 20.3022 0.858961
2.3592 76.563 3.42753 19.4391 0.856883
2.34701 80.8488 3.39686 20.4773 0.849215
2.33722 79.0887 3.37282 19.4644 0.843204
2.32778 86.5741 3.37075 20.2698 0.842686
2.31767 76.447 3.32514 20.9522 0.831284
2.29638 81.5524 3.27207 19.7251 0.818019
2.27592 83.665 3.22034 19.7816 0.805084
2.26739 77.6674 3.19844 20.7205 0.799609
2.25893 86.0291 3.17671 19.9129 0.794177
2.24221 79.4127 3.13353 18.9299 0.783381
2.22511 83.6195 3.08863 20.6472 0.772158
2.2107 82.5549 3.05049 20.5558 0.762623
2.19321 74.7023 3.02266 19.3062 0.755664
2.17952 81.5268 2.96656 20.7829 0.741639
2.16162 81.541 2.91762 21.0062 0.729404
2.15051 78.7364 2.90537 19.5047 0.726342
2.12888 79.7768 2.79162 20.6389 0.697904
2.11778 79.443 2.79278 19.2669 0.698196
2.09445 79.8569 2.68024 20.1271 0.670059
2.08276 77.7131 2.62114 20.3948 0.655285
2.06147 81.8638 2.56029 20.3925 0.640073
2.04853 84.4066 2.52284 19.5752 0.630709
2.03205 83.5805 2.47468 19.9587 0.61867
2.01906 79.6948 2.42482 19.4804 0.606204
2.01237 81.4561 2.41484 19.7405 0.60371
1.99634 78.402 2.35693 18.9271 0.589231
1.99157 80.2165 2.35237 20.1161 0.588093
1.98304 76.6572 2.32668 20.5361 0.581669
1.97013 81.398 2.28696 20.4053 0.571741
1.96008 75.7529 2.25581 20.0171 0.563954
1.94991 81.2398 2.22414 19.5763 0.556034
1.93709 79.5496 2.17418 20.3805 0.543546
1.91507 78.9184 2.11321 20.5627 0.528302
1.90328 80.5997 2.06598 19.6763 0.516495
1.88074 82.9542 1.97679 19.7059 0.494198
1.87016 79.914 1.95461 20.0441 0.488654
1.84781 80.6766 1.87081 19.1393 0.467703
1.83708 79.5759 1.84146 20.2488 0.460364
1.81753 81.6365 1.7677 19.5863 0.441926
1.804 78.8107 1.72072 19.646 0.430179
1.78663 79.6551 1.65903 19.5758 0.414757
1.79523 81.1737 1.67315 19.6677 0.418286
1.76741 81.566 1.57342 20.3864 0.393354
1.77904 78.2515 1.61668 19.4034 0.404171
1.76472 82.5279 1.56073 20.3026 0.390183
1.74806 77.626 1.50777 20.1175 0.376942
1.7372 77.8803 1.47168 19.3324 0.367919
1.71725 78.5958 1.37785 19.737 0.344463
1.70509 80.607 1.32856 20.3501 0.33214
1.69707 78.116 1.30078 19.705 0.325195
1.67901 78.5786 1.23423 19.4936 0.308557
1.66903 80.1727 1.19418 19.9144 0.298546
1.65274 78.8864 1.13057 19.5087 0.282641
1.63533 80.1937 1.06142 19.8545 0.265355
1.62066 79.7246 1.0044 19.5947 0.251101
1.60089 80.3901 0.923275 20.0598 0.230819
1.58912 79.0931 0.874414 20.0138 0.218603
1.56847 80.3747 0.8 19.8881 0.2
1.557 80.1937 0.8 19.9829 0.2
1.53592 80.7643 0.8 20.3744 0.2
1.52348 78.9756 0.8 19.8168 0.2
1.50229 80.5731 0.8 20.0333 0.2
1.49542 80.8692 0.8 19.8388 0.2
1.47104 80.791 0.8 19.8758 0.2
1.47182 79.0158 0.8 20.1302 0.2
1.43937 78.3852 0.8 19.9871 0.2
1.44562 77.8003 0.8 19.9155 0.2
1.41828 79.0482 0.8 20.2993 0.2
1.40868 80.7731 0.8 20.0429 0.2
1.41421 80.4652 0.8 20.0682 0.2
1.3939 79.349 0.8 19.9405 0.2
1.38343 79.7757 0.8 19.8166 0.2
1.37086 79.4761 0.8 19.7923 0.2
1.35869 80.2472 0.8 20.1784 0.2
1.33562 79.9221 0.8 19.8624 0.2
1.32444 76.7836 0.8 20.2416 0.2
1.30385 78.853 0.8 20.2338 0.2
1.28996 78.6812 0.8 19.8928 0.2
1.27032 78.3164 0.8 19.7466 0.2
1.27892 80.9137 0.8 20.0906 0.2
1.27317 78.6295 0.8 20.2825 0.2
1.26322 80.2323 0.8 20.0336 0.2
1.2474 80.1111 0.8 20.2534 0.2
1.22907 80.409 0.8 20.0313 0.2
1.21703 79.2945 0.8 20.3695 0.2
1.19714 79.0264 0.8 19.9702 0.2
1.17419 79.8295 0.8 20.4215 0.2
1.15117 78.8773 0.8 20.0407 0.2
1.14821 78.738 0.8 20.2662 0.2
1.13626 81.1445 0.8 20.2758 0.2
1.12044 79.4902 0.8 20.1206 0.2
1.1046 80.2491 0.8 20.0829 0.2
1.09136 79.2835 0.8 19.908 0.2
1.07871 80.5838 0.8 19.8595 0.2
1.06696 79.7076 0.8 20.3761 0.2
1.0548 79.3724 0.8 19.9863 0.2
1.04277 79.4411 0.8 19.8053 0.2
1.03372 80.1929 0.8 20.151 0.2
1.02219 78.7937 0.8 19.9416 0.2
1.0145 78.0331 0.8 20.3243 0.2
1.00501 80.4891 0.8 20.2687 0.2
0.996775 80.8317 0.8 20.1423 0.2
0.999845 78.7078 0.8 20.3733 0.2
0.985023 79.5946 0.8 20.0519 0.2
0.978955 79.1999 0.8 20.453 0.2
0.961347 80.3874 0.8 19.7958 0.2
0.948458 80.8009 0.8 19.8365 0.2
0.936125 79.5663 0.8 20.0291 0.2
0.920541 78.4667 0.8 20.2177 0.2
0.910531 80.7378 0.8 20.1969 0.2
0.898696 81.2999 0.8 20.3064 0.2
0.885103 80.4832 0.8 20.1899 0.2
0.870433 80.6149 0.8 19.8728 0.2
0.860152 80.4665 0.8 20.4247 0.2
0.858968 79.3395 0.8 20.0727 0.2
0.848067 81.3071 0.8 19.8522 0.2
0.837029 80.6007 0.8 19.928 0.2
0.830602 79.2143 0.8 20.0013 0.2
0.825233 79.819 0.8 20.079 0.2
0.810664 80.3152 0.8 19.8589 0.2
0.799897 79.3217 0.8 20.1914 0.2
0.785531 79.384 0.8 20.2705 0.2
0.774008 80.597 0.8 20.0152 0.2
0.750326 81.1945 0.8 19.6591 0.2
0.735242 79.8944 0.8 19.763 0.2
0.726592 80.0536 0.8 19.8942 0.2
0.720307 80.2374 0.8 19.8022 0.2
0.71773 79.5119 0.8 20.0725 0.2
0.708107 81.644 0.8 20.0191 0.2
0.682581 80.2935 0.8 19.8514 0.2
0.668812 81.4828 0.8 19.6642 0.2
0.652543 78.98 0.8 19.989 0.2
0.632288 78.766 0.8 19.9073 0.2
0.627408 78.5937 0.8 19.7387 0.2
0.624838 79.3629 0.8 19.9359 0.2
0.619466 80.3204 0.8 19.9737 0.2
0.59689 79.8761 0.8 20.0315 0.2
0.583147 79.2751 0.8 20.0263 0.2
0.569375 81.2755 0.8 20.2542 0.2
0.563257 80.0434 0.8 19.9856 0.2
0.536285 80.4147 0.8 20.3148 0.2
0.521087 79.3346 0.8 19.8622 0.2
0.504054 79.947 0.8 20.3277 0.2
0.492105 80.0066 0.8 19.9973 0.2
0.48799 81.5624 0.8 19.8378 0.2
0.477375 79.6127 0.8 19.7888 0.2
0.474387 81.0346 0.8 20.1968 0.2
0.453164 80.4442 0.8 19.9032 0.2
0.452738 79.9201 0.8 20.424 0.2
0.42697 79.2816 0.8 19.821 0.2
0.42607 80.4581 0.8 20.0124 0.2
0.403442 78.9222 0.8 19.8043 0.2
0.403193 79.1415 0.8 19.9894 0.2
0.402156 80.354 0.8 20.2659 0.2
0.402314 80.9589 0.8 20.134 0.2
0.400134 81.4249 0.8 19.8473 0.2
0.400568 79.9666 0.8 19.9091 0.2
0.402856 79.7494 0.8 20.0922 0.2
0.402688 79.2853 0.8 19.6602 0.2
0.400935 80.2929 0.8 19.8848 0.2
0.40209 81.3108 0.8 20.2649 0.2
0.400851 79.2897 0.8 19.7594 0.2
0.40262 80.2765 0.8 20.0818 0.2
