0 0 0 0 0
0 0 0 0 0
0 0 0 0 0
0 0 0 0 0
0 0 0 0 0
0 0 0 0 0
0 0 0 0 0
0 0 0 0 0
0 0 0 0 0
0 0 0 0 0
0 0 0 0 0
0 0 0 0 0
0 0 0 0 0
0 0 0 0 0
0 0 0 0 0
0 0 0 0 0
0 0 0 0 0
0 0 0 0 0
0 0 0 0 0
0 0 0 0 0
0 0 0 0 0
0 0 0 0 0
0 0 0 0 0
0 0 0 0 0
0 0 0 0 0
0 0 0 0 0
0 0 0 0 0
0 0 0 0 0
0 0 0 0 0
0 0 0 0 0
0 0 0 0 0
0 0 0 0 0
0 0 0 0 0
0 0 0 0 0
0 0 0 0 0
0 0 0 0 0
0 0 0 0 0
0 0 0 0 0
0 0 0 0 0
0 0 0 0 0
0 0 0 0 0
0 0 0 0 0
0 0 0 0 0
0 0 0 0 0
0 0 0 0 0
0 0 0 0 0
0 0 0 0 0
0 0 0 0 0
0 0 0 0 0
0 0 0 0 0
0 0 0 0 0
0 0 0 0 0
0 0 0 0 0
0 0 0 0 0
0 0 0 0 0
0 0 0 0 0
0 0 0 0 0
0 0 0 0 0
0 0 0 0 0
0 0 0 0 0
0 0 0 0 0
0 0 0 0 0
0 0 0 0 0
0 0 0 0 0
0 0 0 0 0
0 0 0 0 0
0 0 0 0 0
0 0 0 0 0
0 0 0 0 0
0 0 0 0 0
0 0 0 0 0
0 0 0 0 0
0 0 0 0 0
0 0 0 0 0
0 0 0 0 0
0 0 0 0 0
0 0 0 0 0
0 0 0 0 0
0 0 0 0 0
0 0 0 0 0
0 0 0 0 0
0 0 0 0 0
0 0 0 0 0
0 0 0 0 0
0 0 0 0 0
0 0 0 0 0
0 0 0 0 0
0 0 0 0 0
0 0 0 0 0
0 0 0 0 0
0 0 0 0 0
0 0 0 0 0
0 0 0 0 0
0 0 0 0 0
0 0 0 0 0
0 0 0 0 0
0 0 0 0 0
0 0 0 0 0
0 0 0 0 0
0 0 0 0 0
0 0 0 0 0
0 0 0 0 0
0 0 0 0 0
0 0 0 0 0
0 0 0 0 0
0 0 0 0 0
0 0 0 0 0
0 0 0 0 0
0 0 0 0 0
0 0 0 0 0
0 0 0 0 0
0 0 0 0 0
0 0 0 0 0
10.903 80.4544 16 22.5018 4
10.8926 114.003 16 12.0408 4
0 0 0 0 0
0 0 0 0 0
0 0 0 0 0
0 0 0 0 0
0 0 0 0 0
0 0 0 0 0
0 0 0 0 0
0 0 0 0 0
0 0 0 0 0
0 0 0 0 0
0 0 0 0 0
0 0 0 0 0
0 0 0 0 0
0 0 0 0 0
0 0 0 0 0
0 0 0 0 0
0 0 0 0 0
0 0 0 0 0
0 0 0 0 0
0 0 0 0 0
0 0 0 0 0
0 0 0 0 0
0 0 0 0 0
0 0 0 0 0
0 0 0 0 0
0 0 0 0 0
0 0 0 0 0
0 0 0 0 0
0 0 0 0 0
0 0 0 0 0
0 0 0 0 0
0 0 0 0 0
0 0 0 0 0
0 0 0 0 0
0 0 0 0 0
0 0 0 0 0
0 0 0 0 0
0 0 0 0 0
0 0 0 0 0
0 0 0 0 0
0 0 0 0 0
0 0 0 0 0
0 0 0 0 0
0 0 0 0 0
0 0 0 0 0
0 0 0 0 0
0 0 0 0 0
0 0 0 0 0
0 0 0 0 0
0 0 0 0 0
0 0 0 0 0
0 0 0 0 0
0 0 0 0 0
0 0 0 0 0
0 0 0 0 0
0 0 0 0 0
0 0 0 0 0
0 0 0 0 0
0 0 0 0 0
0 0 0 0 0
0 0 0 0 0
0 0 0 0 0
10.0505 107.417 16 18.5172 4
10.0291 87.0449 16 17.2589 4
10.0146 50.2598 16 18.0751 4
9.99747 86.2474 16 21.2653 4
0 0 0 0 0
0 0 0 0 0
0 0 0 0 0
0 0 0 0 0
0 0 0 0 0
0 0 0 0 0
0 0 0 0 0
0 0 0 0 0
0 0 0 0 0
0 0 0 0 0
9.84522 61.4241 16 14.7099 4
9.82647 69.3412 16 15.4335 4
0 0 0 0 0
0 0 0 0 0
0 0 0 0 0
0 0 0 0 0
9.76631 103.113 16 15.793 4
0 0 0 0 0
0 0 0 0 0
9.734 78.8367 16 27.1947 4
9.72289 81.7276 16 28.0438 4
0 0 0 0 0
0 0 0 0 0
0 0 0 0 0
0 0 0 0 0
9.6698 72.9034 16 19.1949 4
9.65961 92.347 16 16.9864 4
0 0 0 0 0
0 0 0 0 0
0 0 0 0 0
9.61778 81.5905 16 14.6487 4
9.60753 62.4209 16 22.2558 4
9.59208 72.6908 16 27.8875 4
9.58159 118.839 16 18.4369 4
9.57665 70.5089 16 22.1723 4
9.56152 56.3829 16 21.3814 4
9.55315 79.9851 16 25.6457 4
9.54089 114.753 16 18.4754 4
9.53627 81.6372 16 18.7062 4
0 0 0 0 0
0 0 0 0 0
0 0 0 0 0
9.49492 70.2662 16 15.3546 4
0 0 0 0 0
0 0 0 0 0
9.46204 67.5566 16 24.985 4
0 0 0 0 0
0 0 0 0 0
9.42958 38.3831 16 16.5864 4
0 0 0 0 0
0 0 0 0 0
9.38729 77.8297 16 16.0487 4
9.37993 66.9005 16 23.1847 4
9.36515 53.0667 16 22.0155 4
0 0 0 0 0
9.3491 72.0551 16 14.957 4
0 0 0 0 0
0 0 0 0 0
9.30325 63.8811 16 20.0026 4
9.279 107.506 16 17.8869 4
0 0 0 0 0
0 0 0 0 0
9.24057 71.4672 16 20.4235 4
9.23243 107.582 16 20.8965 4
9.22363 88.3345 16 17.3435 4
9.20308 88.3192 16 19.59 4
9.18866 75.1118 16 19.4471 4
9.17209 108.507 16 10.6694 4
9.1718 77.4211 16 19.7009 4
0 0 0 0 0
0 0 0 0 0
0 0 0 0 0
0 0 0 0 0
0 0 0 0 0
9.10827 80.3742 16 19.8577 4
0 0 0 0 0
9.07866 70.8337 16 16.5291 4
9.0725 70.33 16 17.8063 4
9.05043 95.1764 16 15.8062 4
9.03757 86.6392 16 20.0751 4
9.01959 76.3954 16 26.0377 4
9.00632 57.4146 16 24.9538 4
0 0 0 0 0
8.98518 99.5309 16 22.6921 4
0 0 0 0 0
0 0 0 0 0
8.94329 58.9166 16 26.9735 4
8.92929 73.0274 16 20.1137 4
8.91265 86.8386 16 20.6171 4
8.89494 78.1099 16 20.0033 4
0 0 0 0 0
0 0 0 0 0
8.85567 44.5952 16 16.8956 4
8.85161 67.4892 16 22.1569 4
8.82488 72.8109 16 17.1265 4
8.81282 68.2142 16 20.1867 4
8.80642 91.51 16 27.1969 4
8.79913 94.5521 16 20.1595 4
8.78341 94.3873 16 25.3864 4
0 0 0 0 0
8.76105 59.0749 16 24.0977 4
8.74377 69.8449 16 20.8391 4
8.72588 98.371 16 18.9689 4
8.71828 93.843 16 22.6774 4
8.71232 63.0284 16 18.8264 4
8.69381 102.222 16 16.4447 4
0 0 0 0 0
0 0 0 0 0
0 0 0 0 0
8.62854 77.5438 16 18.97 4
8.61752 64.3753 16 21.132 4
8.69874 61.6042 16 21.8325 4
8.59967 79.369 16 16.2606 4
8.72747 65.8715 16 19.7793 4
8.73308 71.9459 16 17.9636 4
0 0 0 0 0
0 0 0 0 0
0 0 0 0 0
8.52135 104.63 16 21.6589 4
8.50313 73.0748 16 18.9694 4
0 0 0 0 0
0 0 0 0 0
0 0 0 0 0
0 0 0 0 0
8.4247 78.6316 16 15.4488 4
8.64392 79.9013 16 16.3052 4
8.40616 53.0068 16 14.2911 4
8.69758 86.2281 16 15.0036 4
8.39063 95.7804 16 17.9503 4
0 0 0 0 0
0 0 0 0 0
0 0 0 0 0
0 0 0 0 0
0 0 0 0 0
0 0 0 0 0
0 0 0 0 0
0 0 0 0 0
0 0 0 0 0
0 0 0 0 0
0 0 0 0 0
0 0 0 0 0
8.35782 64.4677 16 27.167 4
0 0 0 0 0
0 0 0 0 0
0 0 0 0 0
0 0 0 0 0
0 0 0 0 0
0 0 0 0 0
0 0 0 0 0
0 0 0 0 0
0 0 0 0 0
0 0 0 0 0
0 0 0 0 0
0 0 0 0 0
0 0 0 0 0
0 0 0 0 0
0 0 0 0 0
0 0 0 0 0
0 0 0 0 0
0 0 0 0 0
8.43351 51.2854 16 22.9816 4
0 0 0 0 0
0 0 0 0 0
0 0 0 0 0
0 0 0 0 0
0 0 0 0 0
0 0 0 0 0
0 0 0 0 0
0 0 0 0 0
0 0 0 0 0
0 0 0 0 0
0 0 0 0 0
8.26119 75.3421 16 16.5618 4
8.25229 62.959 16 20.8502 4
8.24192 62.1363 16 14.8096 4
8.22863 88.6548 16 18.5639 4
0 0 0 0 0
0 0 0 0 0
0 0 0 0 0
0 0 0 0 0
0 0 0 0 0
0 0 0 0 0
0 0 0 0 0
0 0 0 0 0
0 0 0 0 0
0 0 0 0 0
0 0 0 0 0
0 0 0 0 0
0 0 0 0 0
8.05645 89.3069 16 20.5087 4
8.04464 75.9886 16 22.3995 4
8.02642 52.19 16 21.8519 4
8.0136 82.1913 16 19.4571 4
0 0 0 0 0
0 0 0 0 0
0 0 0 0 0
0 0 0 0 0
0 0 0 0 0
0 0 0 0 0
0 0 0 0 0
0 0 0 0 0
0 0 0 0 0
0 0 0 0 0
0 0 0 0 0
7.84003 97.4898 16 16.0989 4
7.82056 68.9042 16 15.1423 4
7.80813 65.5417 16 23.3888 4
7.79059 67.6269 16 28.4064 4
7.77617 92.3172 16 20.4649 4
0 0 0 0 0
0 0 0 0 0
0 0 0 0 0
7.7287 107.365 16 12.3798 4
7.7173 82.0275 16 15.2576 4
0 0 0 0 0
0 0 0 0 0
0 0 0 0 0
0 0 0 0 0
0 0 0 0 0
0 0 0 0 0
7.62522 80.5113 16 16.9566 4
7.61579 86.4626 16 24.9369 4
7.60633 87.5623 16 19.0596 4
7.59371 62.9463 16 25.2403 4
7.58521 109.849 16 22.9964 4
7.57504 89.8954 16 22.8408 4
7.5623 65.4889 16 24.1839 4
0 0 0 0 0
0 0 0 0 0
0 0 0 0 0
7.50114 73.6949 16 21.0361 4
7.48089 99.1404 16 12.8383 4
0 0 0 0 0
7.46281 51.0356 16 23.0443 4
0 0 0 0 0
0 0 0 0 0
0 0 0 0 0
0 0 0 0 0
7.3887 73.1502 16 19.7767 4
7.381 61.7764 16 24.6726 4
7.37094 75.1482 16 17.2784 4
7.35834 73.2748 16 26.574 4
0 0 0 0 0
7.33989 72.3444 16 25.989 4
0 0 0 0 0
0 0 0 0 0
0 0 0 0 0
7.27869 77.1405 16 21.9749 4
7.26433 65.9955 16 23.3733 4
7.24703 63.0236 16 19.6867 4
0 0 0 0 0
0 0 0 0 0
7.2162 80.185 16 23.9351 4
7.20392 84.5393 16 24.3837 4
7.19601 67.133 16 24.2799 4
7.18531 62.8649 16 15.5107 4
7.17217 66.2034 16 25.7677 4
7.15552 105.91 16 22.0847 4
7.14453 63.5587 16 19.983 4
0 0 0 0 0
7.12479 78.2439 16 23.189 4
7.11295 101.16 16 25.4273 4
7.09428 92.7568 16 22.6048 4
7.08156 70.8465 16 19.0486 4
0 0 0 0 0
7.05197 81.9897 16 20.7688 4
7.03099 94.6973 16 18.1142 4
7.01181 80.0108 16 12.3088 4
7.00059 72.1554 16 22.7992 4
6.98209 39.6211 16 25.6674 4
6.96852 74.7104 16 16.674 4
6.95187 74.9894 16 22.3621 4
6.93943 87.6278 16 23.0893 4
6.93053 90.8345 16 18.7536 4
6.92021 86.4846 16 25.2971 4
6.90928 84.5039 16 18.4349 4
6.89982 47.9477 16 20.0499 4
6.8889 88.8503 16 18.31 4
6.87623 75.4307 16 20.1118 4
6.86851 68.4267 16 16.8803 4
6.8588 73.2729 16 20.2801 4
6.84478 75.3955 16 10.3473 4
6.83722 73.7877 16 15.4804 4
6.82722 81.3473 16 22.8804 4
6.81564 99.518 16 15.4013 4
6.80636 93.2089 16 28.4574 4
6.79583 40.9504 16 19.448 4
6.78335 89.7967 16 23.2699 4
6.77584 85.5732 16 9.82979 4
6.76571 83.9191 16 14.7727 4
6.75521 81.6693 16 19.3619 4
6.74627 100.147 16 17.3009 4
6.73585 81.9258 16 15.4065 4
6.72469 77.5288 16 20.7089 4
6.71474 100.255 16 18.7373 4
6.70454 59.946 16 23.384 4
6.69319 73.7993 16 25.0116 4
6.68442 95.4168 16 22.2068 4
6.67406 63.4335 16 17.8423 4
6.66301 51.1104 16 16.5092 4
6.65379 75.4291 16 21.3878 4
6.6433 78.7246 16 16.4097 4
6.63223 83.715 16 19.5935 4
6.62265 74.1687 16 16.5874 4
6.61238 68.4691 16 21.5014 4
6.6004 75.1277 16 25.9553 4
6.59161 70.721 16 16.7477 4
6.57922 47.4639 16 16.9156 4
6.57138 65.2102 16 20.5783 4
6.56202 68.8797 16 21.674 4
6.54929 94.359 16 16.0585 4
6.54183 83.3578 16 21.7331 4
6.5307 57.6789 16 23.2185 4
6.518 98.4245 16 22.8457 4
6.49993 94.4755 16 19.919 4
6.48763 80.1831 16 20.2608 4
6.47006 92.5222 16 31.3839 4
6.45825 77.2547 16 24.0936 4
6.44937 80.3184 16 15.5576 4
6.43865 64.9457 16 14.875 4
6.42544 87.0463 16 18.5987 4
6.40783 94.7881 16 23.174 4
6.39549 79.8924 16 13.8609 4
6.3877 85.3483 16 22.539 4
6.37749 98.6457 16 21.4664 4
6.36454 72.4311 16 26.4055 4
6.34819 100.393 16 21.8541 4
6.33391 95.2581 16 27.4306 4
6.31607 84.4975 16 21.4518 4
6.3047 55.3955 16 21.9041 4
6.29593 101.755 16 24.6676 4
6.2862 81.1952 16 23.2548 4
6.27397 120.7 16 30.5412 4
6.25523 70.86 16 17.6875 4
6.24358 79.2485 16 22.9496 4
6.22399 67.1672 16 17.7287 4
6.21213 79.6097 16 18.9826 4
6.19331 98.3578 16 18.7696 4
6.18053 102.711 16 15.3468 4
6.16356 86.8115 16 20.2443 4
6.15113 92.421 16 19.2314 4
6.13263 64.4611 16 21.5518 4
6.12079 71.9347 16 28.2536 4
6.0981 60.7645 16 20.1089 4
6.08045 84.4094 16 16.9773 4
6.06759 97.2558 16 18.322 4
6.04991 94.8827 16 16.4552 4
6.03842 93.5737 16 16.2808 4
6.02931 85.1136 16 16.3246 4
6.01846 80.4159 16 20.7648 4
6.00718 89.1969 16 26.4209 4
5.98799 65.1284 16 21.0742 4
5.97579 62.364 16 18.9776 4
5.95842 88.427 16 20.6137 4
5.94611 89.3837 16 18.8649 4
5.93796 102.697 16 17.1138 4
5.92313 84.2997 16 26.7543 4
5.91073 90.9757 16 18.1136 4
5.90377 58.8595 16 13.1894 4
5.89385 92.3389 16 16.6097 4
5.88159 55.6398 16 13.8867 4
5.87358 91.0906 16 18.107 4
5.86289 79.9499 16 19.0185 4
5.85107 95.6635 16 14.0263 4
5.84225 79.1559 16 21.2349 4
5.8326 59.5455 16 16.8414 4
5.82121 82.8611 16 16.5037 4
5.81244 58.9652 16 12.7416 4
5.79897 84.4768 16 23.2451 4
5.79146 72.5338 16 25.9307 4
5.77765 81.1414 16 21.3386 4
5.76507 67.1657 16 20.3218 4
5.75729 87.4037 16 22.0004 4
5.74752 85.4122 16 16.6818 4
5.73409 58.7549 16 25.5382 4
5.72646 67.7522 16 17.941 4
5.71652 89.3616 16 19.7707 4
5.70501 86.4965 16 20.698 4
5.69392 65.1546 16 21.6425 4
5.68411 99.2614 16 28.0254 4
5.67289 85.1392 16 20.8414 4
5.65469 65.7186 16 18.1677 4
5.6421 76.9223 16 21.9462 4
5.62436 70.5894 16 16.0809 4
5.61154 101.047 16 24.8226 4
5.59356 61.4997 16 23.0729 4
5.58188 100.338 16 21.6083 4
5.56287 77.0732 16 20.4694 4
5.55017 39.3874 16 18.568 4
5.53225 74.9093 16 18.8072 4
5.52147 97.6367 16 15.1758 4
5.51166 91.1214 16 15.604 4
5.50096 60.0073 16 21.3209 4
5.48991 61.9901 16 20.0832 4
5.46911 73.1464 16 22.6981 4
5.45055 103.628 16 18.2266 4
5.43925 88.7883 16 18.8753 4
5.42033 101.45 16 18.5735 4
5.40866 104.38 16 22.0617 4
5.38848 59.3686 16 19.4135 4
5.37503 78.0801 16 22.9739 4
5.35838 79.7422 16 16.1775 4
5.34628 64.4712 16 19.1918 4
5.33784 65.3653 16 13.3061 4
5.32793 105.154 16 20.0505 4
5.31492 77.2691 16 23.0396 4
5.29592 93.8127 16 13.0955 4
5.28393 71.7246 16 22.7527 4
5.26526 112.175 16 25.2887 4
5.25359 49.832 16 16.0825 4
5.24517 77.8239 16 19.7496 4
5.23471 78.9423 16 18.3879 4
5.22295 81.3998 16 14.4634 4
5.20483 67.5738 16 21.4563 4
5.1932 128.224 16 17.2776 4
5.17329 83.2583 16 18.6687 4
5.16158 54.4478 16 20.6428 4
5.143 110.604 16 18.3244 4
5.13203 117.034 16 17.3723 4
5.12286 92.2125 16 22.5498 4
5.11262 93.188 16 26.164 4
5.1004 74.7196 16 20.5349 4
5.08148 78.0756 16 20.2373 4
5.06794 96.7081 16 17.6265 4
5.05113 75.0569 16 13.2612 4
5.03957 97.8146 16 17.0345 4
5.03121 77.377 16 20.2341 4
5.01833 98.182 16 22.6837 4
5.0108 94.7491 16 20.194 4
4.99995 94.24 16 19.7723 4
4.98884 54.223 16 23.1398 4
4.97972 96.1324 16 24.2102 4
4.96937 85.7761 16 17.7793 4
4.95963 73.7076 16 29.5696 4
4.94906 97.1914 16 19.5769 4
4.93929 78.0657 16 24.9154 4
4.9265 104.685 16 22.0147 4
4.90787 93.2389 16 23.154 4
4.89635 70.7169 16 16.2442 4
4.87735 96.2451 16 16.5807 4
4.86521 115.666 16 24.4185 4
4.35852 78.9751 16 24.3888 4
4.348 82.9295 16 19.3921 4
4.37676 107.822 16 18.2991 4
4.31483 61.3011 16 16.8075 4
4.7857 102.333 16 22.4041 4
4.39203 78.9235 16 16.5886 4
4.32393 85.7394 16 20.0798 4
4.31945 78.775 16 22.809 4
4.23539 81.2916 16 21.4053 4
4.29131 62.3165 16 12.9283 4
4.206 93.3754 16 18.5035 4
4.19372 87.5915 16 21.1432 4
4.18448 76.848 16 19.7449 4
4.17431 91.0791 16 15.8098 4
4.16301 81.2333 16 21.0879 4
4.18572 68.3382 16 17.7133 4
4.12996 88.7432 16 16.317 4
4.20787 87.548 16 21.996 4
4.17017 85.087 16 23.6444 4
4.18509 72.2076 16 19.5502 4
4.1654 81.4119 16 13.4274 4
4.15112 72.1864 16 15.0424 4
4.12398 80.5243 16 15.6728 4
4.12298 87.6519 16 24.1054 4
4.07241 83.2881 16 20.5851 4
4.01735 96.2267 16 19.4013 4
4.05725 52.807 16 16.5128 4
3.97601 91.8362 16 16.7818 4
3.96562 44.3613 16 25.2546 4
3.98527 58.9055 16 18.0069 4
3.94967 78.1789 16 21.1719 4
3.95462 80.7067 16 20.893 4
3.94187 116.698 16 20.9319 4
3.96748 105.234 16 22.7638 4
3.98245 80.7161 16 20.2477 4
3.92496 90.447 16 24.2029 4
3.98649 69.6204 16 15.77 4
4.01396 89.1316 16 16.3906 4
3.97785 62.0158 16 25.5876 4
3.98868 79.7615 16 15.118 4
3.98748 74.6814 16 25.4181 4
3.97467 88.1894 16 21.9317 4
3.9382 65.0815 16 20.0399 4
3.90636 44.1012 16 20.9835 4
3.9451 73.3057 16 22.2005 4
3.83617 69.1004 16 29.6489 4
3.81459 67.8624 16 15.7734 4
3.85168 66.8819 16 17.1408 4
3.79074 96.1564 16 13.7259 4
3.785 65.7633 16 21.2604 4
3.77591 76.8745 16 17.0117 4
3.7952 65.8498 16 18.9176 4
3.80673 90.0608 16 23.6228 4
3.78522 91.381 16 22.7306 4
3.84502 81.7755 16 20.446 4
3.83464 59.8131 16 22.5003 4
3.77785 95.0254 16 19.0887 4
3.83917 73.1323 16 23.7448 4
3.76897 93.3723 16 16.8298 4
3.79917 93.753 16 20.3847 4
3.80191 40.2925 16 18.3891 4
3.77302 84.8105 16 27.9424 4
3.76525 85.8506 16 18.5423 4
3.777 68.5655 16 14.5871 4
3.66629 67.1487 16 15.6338 4
3.75073 69.9529 16 22.019 4
3.61192 89.542 16 17.0474 4
3.67693 104.998 16 17.2571 4
3.59719 82.7051 16 16.1926 4
3.60581 101.289 16 20.7848 4
3.57734 85.3757 16 20.9344 4
3.62669 70.609 16 18.8181 4
3.63995 75.3529 16 22.5983 4
3.57548 66.5359 16 22.334 4
3.65816 79.7275 16 27.9649 4
3.64009 69.1728 16 21.9075 4
3.55502 66.3721 16 18.6686 4
3.63272 92.822 16 19.3822 4
3.50005 93.4408 16 25.3686 4
3.51481 97.6014 16 16.7504 4
3.55873 97.4682 16 21.851 4
3.56793 98.2249 16 15.7685 4
3.50576 95.2132 16 20.1526 4
3.55837 90.5741 16 24.474 4
3.53577 119.264 16 20.7014 4
3.49668 78.5087 16 20.8877 4
3.51302 100.217 16 18.6187 4
3.43001 64.776 16 21.9919 4
3.40526 85.6117 16 17.3843 4
3.48713 102.014 16 15.0405 4
3.27963 90.5505 16 17.7357 4
3.37273 97.0885 16 27.1263 4
3.36613 67.1795 16 24.461 4
3.3648 72.0059 16 15.1288 4
3.23433 76.3505 16 24.14 4
3.3955 102.873 16 20.3196 4
3.36496 58.0408 16 11.1627 4
3.41027 101.238 16 17.6696 4
3.40339 78.0898 16 19.6692 4
3.17344 87.2676 16 26.1251 4
3.35626 83.0218 16 20.0307 4
3.36651 72.6243 16 19.4811 4
3.13581 55.963 16 21.7234 4
3.12357 67.7381 16 18.6412 4
3.11343 93.6921 16 16.1246 4
3.10144 75.2128 16 21.4886 4
3.09013 83.9484 16 19.326 4
3.07955 87.7677 16 17.6913 4
3.06923 94.6618 16 21.2968 4
3.0598 51.1293 16 8.93103 4
3.04629 70.3913 16 13.4156 4
3.03113 87.0116 16 16.1321 4
3.01509 89.9619 16 22.5969 4
2.99839 82.3949 16 19.275 4
2.99132 62.7279 16 15.6654 4
2.98029 115.359 16 18.4612 4
2.96958 89.0958 16 22.2495 4
2.95892 69.7145 16 21.7289 4
2.94731 61.5779 16 23.0944 4
2.93691 111.956 16 21.7498 4
2.91332 80.7232 16 14.8555 4
2.90336 63.393 16 16.1694 4
2.90161 67.4766 16 18.3357 4
2.94164 107.632 16 17.3317 4
2.89421 84.9059 16 12.2454 4
2.94102 75.7626 16 20.2076 4
2.94176 54.1856 16 31.2702 4
2.94519 90.1307 16 23.0832 4
2.94187 55.8749 16 24.2051 4
3.05427 87.4282 16 17.8458 4
2.92763 65.031 16 21.0213 4
3.04273 101.251 16 20.0233 4
2.89404 89.2945 16 18.6928 4
2.98943 62.2661 16 21.6259 4
2.98807 61.0409 16 11.823 4
2.93933 101.111 16 20.734 4
2.92556 82.9497 16 24.5681 4
2.9314 97.9271 16 23.3412 4
2.92935 75.138 16 24.568 4
2.88628 64.2658 16 17.6465 4
2.91503 88.0665 16 23.411 4
2.88883 105.576 16 25.4816 4
2.63945 77.3257 15.2308 31.2124 3.80771
2.63438 68.7366 14.9196 17.5023 3.72991
2.62391 66.7168 14.8493 19.8694 3.71233
2.60949 82.4893 14.7586 20.5469 3.68966
2.60209 92.323 14.734 16.6071 3.68351
2.58941 89.4022 14.6465 15.9051 3.66161
2.57245 77.954 14.5241 18.0243 3.63103
2.552 87.6439 14.4219 14.1649 3.60548
2.53908 93.5002 14.3257 19.2382 3.58143
2.52828 68.5918 14.2631 25.3702 3.56578
2.51612 100.649 14.1797 14.6998 3.54493
2.50553 84.6665 14.1146 19.4368 3.52864
2.49495 73.1836 14.0565 17.3612 3.51411
2.48256 66.1288 13.9643 16.4468 3.49108
2.47161 57.6797 13.8931 17.741 3.47328
2.4599 78.6273 13.8201 20.0924 3.45504
2.45092 91.7577 13.7594 19.8244 3.43986
2.44007 116.481 13.6886 20.1597 3.42215
2.42699 97.541 13.6087 20.6664 3.40217
2.40581 69.6923 13.4572 18.0461 3.3643
2.39279 87.2389 13.3835 12.5323 3.34587
2.37556 93.7864 13.2534 24.0211 3.31334
2.35937 65.9697 12.8462 13.9102 3.21154
2.35172 92.5593 12.7917 23.7138 3.19794
2.34347 100.609 13.026 13.9228 3.2565
2.32602 64.3397 12.6058 19.3318 3.15146
2.32194 90.6527 12.5739 16.2166 3.14347
2.30804 80.8197 12.4723 19.1974 3.11808
2.30281 85.4298 12.7298 21.1675 3.18246
2.29291 76.6984 12.6549 21.1416 3.16372
2.27895 77.2888 12.2501 22.2977 3.06254
2.27038 77.9968 12.1827 19.9936 3.04569
2.25964 79.4946 12.1 23.4413 3.025
2.23793 75.3443 11.9296 21.4355 2.98239
2.22576 81.3522 11.8296 24.015 2.9574
2.20994 84.3217 11.6999 18.7515 2.92497
2.19204 72.892 11.5501 17.072 2.88754
2.18074 83.1125 11.4533 12.4132 2.86333
2.16983 73.5207 11.3611 18.972 2.84027
2.15805 67.9369 10.7338 20.546 2.68345
2.14731 73.3524 10.0726 20.2082 2.51814
2.13611 78.9641 9.97997 20.7197 2.49499
2.12585 74.2751 9.89541 25.8098 2.47385
2.11401 70.7099 9.79591 23.1551 2.44898
2.09534 82.6833 9.63542 18.2267 2.40886
2.08133 82.0714 9.5131 20.3841 2.37828
2.06507 74.3226 9.53083 16.8296 2.38271
2.04876 95.4516 9.20675 19.4895 2.30169
2.03349 75.17 9.39317 16.7293 2.34829
2.02223 82.0184 9.11357 18.9496 2.27839
2.01272 80.0596 8.86642 21.6235 2.2166
2.00217 64.0028 8.76661 19.6601 2.19165
1.99055 86.1801 8.65569 21.1972 2.16392
1.96835 68.511 8.30738 22.1983 2.07685
1.95701 78.2363 8.32027 22.8851 2.08007
1.93507 72.1028 8.09724 22.1998 2.02431
1.91342 73.1663 7.74434 18.7044 1.93609
1.90194 84.8747 7.5452 19.958 1.8863
1.89401 74.1484 7.53962 21.192 1.8849
1.88369 83.0632 7.35357 23.0117 1.83839
1.87031 74.0586 7.18472 21.7291 1.79618
1.86306 89.8112 7.16898 17.915 1.79225
1.85209 66.3376 6.6035 21.1878 1.65087
1.83854 87.0119 6.76349 17.7527 1.69087
1.82234 67.463 6.63988 19.6811 1.65997
1.80885 78.706 6.16458 19.3941 1.54114
1.7891 82.739 5.93933 19.6099 1.48483
1.77666 78.6729 5.79531 18.4848 1.44883
1.76741 88.2466 5.69994 16.7537 1.42498
1.75447 75.3023 5.54844 20.3944 1.38711
1.75816 77.2331 5.60433 18.7326 1.40108
1.74677 82.7686 5.47134 17.1913 1.36784
1.73537 78.6481 5.11027 20.9417 1.27757
1.72967 80.5123 5.07948 19.3643 1.26987
1.7215 86.8629 4.9824 19.9047 1.2456
1.70178 79.5355 4.69705 20.3622 1.17426
1.69953 78.6681 4.70495 20.4625 1.17624
1.68937 77.4167 4.5771 21.264 1.14427
1.66693 83.703 4.2801 18.5517 1.07002
1.66438 77.3202 4.21781 18.5219 1.05445
1.65239 78.2038 4.05943 19.8784 1.01486
1.64315 75.2083 3.93352 19.5536 0.983381
1.63294 82.4914 3.79538 18.7102 0.948844
1.62072 80.7223 3.62632 20.0281 0.906581
1.61006 77.2951 3.50156 19.2033 0.87539
1.59924 87.6272 3.34679 20.6242 0.836698
1.58728 77.3209 3.17186 20.9782 0.792965
1.57677 80.4189 2.97909 20.3934 0.744771
1.56513 79.2689 2.80353 21.3472 0.700883
1.55334 79.5389 2.62605 20.113 0.656513
1.54372 75.023 2.4784 20.1541 0.619601
1.53311 78.667 2.28627 20.7213 0.571569
1.51978 80.6635 2.07765 20.1897 0.519412
1.51213 82.4983 1.95543 19.1906 0.488857
1.50193 79.6516 1.79218 19.6177 0.448045
1.49166 81.3601 1.62309 19.9249 0.405772
1.48118 79.1808 1.44936 20.3808 0.362339
1.47123 78.2224 1.28111 19.8563 0.320278
1.45903 80.0108 1.0648 19.964 0.2662
1.4503 79.4236 0.908315 20.1108 0.227079
1.43889 79.0339 0.8 19.9745 0.2
1.42589 80.0575 0.8 19.8594 0.2
1.4188 79.6732 0.8 19.7483 0.2
1.40641 79.9425 0.8 19.692 0.2
1.39901 79.8483 0.8 20.0569 0.2
1.3847 79.8188 0.8 20.0824 0.2
1.36693 80.2561 0.8 20.0344 0.2
1.35342 81.1003 0.8 19.9606 0.2
1.33244 78.6233 0.8 19.8614 0.2
1.3199 81.2956 0.8 19.7182 0.2
1.2986 79.9009 0.8 19.8854 0.2
1.28649 80.2911 0.8 20.2885 0.2
1.28208 80.3689 0.8 19.521 0.2
1.26666 79.0001 0.8 19.7368 0.2
1.25411 80.8168 0.8 20.1352 0.2
1.24202 79.8714 0.8 19.8148 0.2
1.23152 79.9113 0.8 20.2584 0.2
1.21836 80.5217 0.8 19.6714 0.2
1.20932 79.877 0.8 20.0349 0.2
1.19764 80.4333 0.8 20.2214 0.2
1.18308 80.2907 0.8 19.5186 0.2
1.17057 79.156 0.8 20.1634 0.2
1.15864 81.023 0.8 20.0619 0.2
1.14679 80.3481 0.8 19.8503 0.2
1.13502 79.2829 0.8 20.3083 0.2
1.11688 80.1789 0.8 20.3077 0.2
1.09942 80.6528 0.8 19.9644 0.2
1.08685 79.183 0.8 19.9738 0.2
1.07456 80.4835 0.8 19.8769 0.2
1.06325 80.1007 0.8 20.1606 0.2
1.05046 80.2425 0.8 19.9394 0.2
1.03327 79.6349 0.8 19.743 0.2
1.01567 80.2692 0.8 19.8844 0.2
1.00467 80.1758 0.8 20.0428 0.2
1.00396 79.6846 0.8 19.9234 0.2
0.992721 80.7931 0.8 20.1506 0.2
0.978401 79.7015 0.8 19.3922 0.2
0.956227 79.923 0.8 19.8917 0.2
0.943577 79.4884 0.8 19.9344 0.2
0.931533 80.8151 0.8 20.3357 0.2
0.915377 80.4471 0.8 20.1943 0.2
0.907692 80.1931 0.8 19.8977 0.2
0.895314 79.9293 0.8 19.9674 0.2
0.880767 80.0926 0.8 20.1579 0.2
0.871161 80.5524 0.8 19.8634 0.2
0.868154 78.8104 0.8 19.9663 0.2
0.855121 80.156 0.8 19.7536 0.2
0.850945 80.7645 0.8 19.8419 0.2
0.836549 80.3198 0.8 20.125 0.2
0.835667 81.8022 0.8 19.8139 0.2
0.824161 81.2884 0.8 19.8726 0.2
0.813979 79.813 0.8 20.12 0.2
0.801471 79.8341 0.8 20.1217 0.2
0.784602 79.8906 0.8 19.9343 0.2
0.771894 79.8724 0.8 19.773 0.2
0.758427 81.2566 0.8 19.9674 0.2
0.740794 79.5955 0.8 19.796 0.2
0.731355 80.553 0.8 20.072 0.2
0.720248 79.3403 0.8 20.1181 0.2
0.716241 79.8685 0.8 20.0347 0.2
0.71516 79.2379 0.8 19.8095 0.2
0.699255 79.8549 0.8 19.8367 0.2
0.685735 79.8309 0.8 19.9319 0.2
0.670211 80.6669 0.8 20.1054 0.2
0.659514 80.749 0.8 19.6825 0.2
0.646666 80.5815 0.8 20.4634 0.2
0.63348 79.3982 0.8 19.9184 0.2
0.627665 80.4007 0.8 19.781 0.2
0.623791 79.3074 0.8 19.8676 0.2
0.619199 79.6018 0.8 19.8807 0.2
0.60088 80.0802 0.8 19.9409 0.2
0.586185 78.73 0.8 20.1984 0.2
0.571263 79.7629 0.8 19.9759 0.2
0.571966 79.7689 0.8 20.0507 0.2
0.554258 80.9318 0.8 19.7261 0.2
0.54288 82.617 0.8 19.9369 0.2
0.518459 79.3601 0.8 19.93 0.2
0.509519 80.6825 0.8 19.865 0.2
0.487479 78.9219 0.8 20.2223 0.2
0.481204 79.4491 0.8 20.2826 0.2
0.477312 80.7396 0.8 19.7266 0.2
0.461175 78.1713 0.8 19.9807 0.2
0.447753 79.0352 0.8 19.8894 0.2
0.42745 80.2775 0.8 20.2805 0.2
0.426302 80.6787 0.8 19.7675 0.2
0.403469 80.4426 0.8 19.9623 0.2
0.403111 80.2987 0.8 19.8428 0.2
0.401481 79.4019 0.8 20.1236 0.2
0.401729 79.1171 0.8 19.7724 0.2
0.402889 79.1347 0.8 20.4272 0.2
0.402546 79.0439 0.8 20.0581 0.2
0.400783 79.1198 0.8 19.8117 0.2
0.400085 80.6387 0.8 19.891 0.2
0.401122 80.0831 0.8 19.9329 0.2
0.400109 78.813 0.8 20.3552 0.2
0.401981 79.3108 0.8 20.2304 0.2
0.402174 79.3372 0.8 20.1795 0.2
0.401177 78.9497 0.8 20.2791 0.2
0.402331 79.826 0.8 20.1497 0.2
