0 0 0 0 0
0 0 0 0 0
0 0 0 0 0
0 0 0 0 0
0 0 0 0 0
0 0 0 0 0
0 0 0 0 0
0 0 0 0 0
0 0 0 0 0
0 0 0 0 0
0 0 0 0 0
0 0 0 0 0
0 0 0 0 0
0 0 0 0 0
0 0 0 0 0
0 0 0 0 0
0 0 0 0 0
0 0 0 0 0
0 0 0 0 0
0 0 0 0 0
0 0 0 0 0
0 0 0 0 0
0 0 0 0 0
0 0 0 0 0
0 0 0 0 0
0 0 0 0 0
0 0 0 0 0
0 0 0 0 0
0 0 0 0 0
0 0 0 0 0
0 0 0 0 0
0 0 0 0 0
0 0 0 0 0
0 0 0 0 0
0 0 0 0 0
0 0 0 0 0
0 0 0 0 0
0 0 0 0 0
0 0 0 0 0
0 0 0 0 0
0 0 0 0 0
0 0 0 0 0
0 0 0 0 0
0 0 0 0 0
0 0 0 0 0
0 0 0 0 0
0 0 0 0 0
0 0 0 0 0
0 0 0 0 0
0 0 0 0 0
0 0 0 0 0
0 0 0 0 0
0 0 0 0 0
0 0 0 0 0
0 0 0 0 0
0 0 0 0 0
0 0 0 0 0
0 0 0 0 0
0 0 0 0 0
0 0 0 0 0
0 0 0 0 0
0 0 0 0 0
0 0 0 0 0
0 0 0 0 0
0 0 0 0 0
0 0 0 0 0
0 0 0 0 0
0 0 0 0 0
0 0 0 0 0
0 0 0 0 0
0 0 0 0 0
0 0 0 0 0
0 0 0 0 0
0 0 0 0 0
0 0 0 0 0
0 0 0 0 0
0 0 0 0 0
0 0 0 0 0
0 0 0 0 0
0 0 0 0 0
0 0 0 0 0
0 0 0 0 0
0 0 0 0 0
0 0 0 0 0
0 0 0 0 0
0 0 0 0 0
0 0 0 0 0
0 0 0 0 0
0 0 0 0 0
0 0 0 0 0
0 0 0 0 0
0 0 0 0 0
0 0 0 0 0
0 0 0 0 0
0 0 0 0 0
0 0 0 0 0
0 0 0 0 0
0 0 0 0 0
0 0 0 0 0
0 0 0 0 0
0 0 0 0 0
0 0 0 0 0
0 0 0 0 0
0 0 0 0 0
0 0 0 0 0
11.0893 92.5037 16 14.5811 4
0 0 0 0 0
0 0 0 0 0
0 0 0 0 0
0 0 0 0 0
0 0 0 0 0
0 0 0 0 0
0 0 0 0 0
0 0 0 0 0
0 0 0 0 0
0 0 0 0 0
0 0 0 0 0
0 0 0 0 0
0 0 0 0 0
0 0 0 0 0
0 0 0 0 0
0 0 0 0 0
0 0 0 0 0
0 0 0 0 0
0 0 0 0 0
0 0 0 0 0
0 0 0 0 0
10.8284 79.5912 16 24.807 4
10.8191 50.7506 16 18.72 4
0 0 0 0 0
10.7876 60.0465 16 15.5559 4
10.7729 98.7212 16 23.4596 4
0 0 0 0 0
0 0 0 0 0
0 0 0 0 0
0 0 0 0 0
0 0 0 0 0
0 0 0 0 0
0 0 0 0 0
0 0 0 0 0
0 0 0 0 0
0 0 0 0 0
0 0 0 0 0
10.5909 69.949 16 18.9394 4
0 0 0 0 0
0 0 0 0 0
0 0 0 0 0
0 0 0 0 0
0 0 0 0 0
0 0 0 0 0
0 0 0 0 0
0 0 0 0 0
0 0 0 0 0
0 0 0 0 0
0 0 0 0 0
0 0 0 0 0
10.3971 64.8478 16 28.7234 4
10.3831 68.1016 16 21.0672 4
0 0 0 0 0
0 0 0 0 0
0 0 0 0 0
0 0 0 0 0
0 0 0 0 0
0 0 0 0 0
0 0 0 0 0
0 0 0 0 0
0 0 0 0 0
0 0 0 0 0
0 0 0 0 0
10.2128 99.0113 16 23.4689 4
10.2001 77.8671 16 20.9234 4
0 0 0 0 0
0 0 0 0 0
0 0 0 0 0
0 0 0 0 0
0 0 0 0 0
10.1139 55.8241 16 22.8036 4
0 0 0 0 0
0 0 0 0 0
0 0 0 0 0
0 0 0 0 0
0 0 0 0 0
0 0 0 0 0
10.0173 88.9802 16 16.1549 4
10.0064 60.0446 16 23.2783 4
0 0 0 0 0
0 0 0 0 0
0 0 0 0 0
0 0 0 0 0
9.92992 53.9429 16 21.1363 4
9.91909 95.5546 16 14.7687 4
9.90927 64.2336 16 17.2364 4
9.89705 71.1395 16 18.9302 4
0 0 0 0 0
0 0 0 0 0
0 0 0 0 0
0 0 0 0 0
9.84166 84.4988 16 18.2799 4
9.83249 55.509 16 26.5148 4
9.82196 68.7679 16 24.2939 4
0 0 0 0 0
0 0 0 0 0
0 0 0 0 0
9.7593 80.4595 16 17.1381 4
0 0 0 0 0
9.73499 97.0109 16 23.2848 4
9.72462 89.9015 16 17.5629 4
9.7126 95.4114 16 13.2623 4
9.70518 57.8193 16 17.3206 4
9.69224 90.396 16 16.1367 4
9.69 82.696 16 21.0602 4
0 0 0 0 0
0 0 0 0 0
0 0 0 0 0
0 0 0 0 0
0 0 0 0 0
9.60561 47.7483 16 24.2591 4
0 0 0 0 0
0 0 0 0 0
0 0 0 0 0
0 0 0 0 0
0 0 0 0 0
9.51228 108.367 16 21.1611 4
9.49148 85.7665 16 20.0414 4
9.47572 97.5563 16 21.6082 4
9.47651 88.9796 16 18.9995 4
0 0 0 0 0
0 0 0 0 0
0 0 0 0 0
9.42985 67.32 16 23.5368 4
9.42128 76.2036 16 23.2985 4
9.40047 79.4516 16 20.0472 4
9.38803 81.7786 16 26.3277 4
9.37492 70.2587 16 18.6737 4
0 0 0 0 0
0 0 0 0 0
9.33648 95.019 16 12.2859 4
9.32243 80.8111 16 23.4371 4
9.31272 100.43 16 20.4092 4
9.30018 84.4562 16 19.6245 4
9.35402 65.5469 16 27.6447 4
0 0 0 0 0
0 0 0 0 0
9.24001 91.5846 16 19.3486 4
9.22525 73.5753 16 14.7518 4
9.21496 88.9391 16 20.1346 4
9.45952 71.9845 16 18.1551 4
9.19773 92.6832 16 20.3309 4
0 0 0 0 0
0 0 0 0 0
9.15036 85.8085 16 18.334 4
9.14526 72.207 16 17.2324 4
9.13943 105.087 16 24.8943 4
9.11745 82.7579 16 17.6485 4
0 0 0 0 0
0 0 0 0 0
0 0 0 0 0
9.06357 93.3956 16 15.7661 4
9.09333 97.2248 16 18.5022 4
9.04985 91.3495 16 17.7337 4
9.03208 73.5437 16 26.7345 4
9.01345 99.3894 16 26.7658 4
0 0 0 0 0
0 0 0 0 0
9.1647 37.0426 16 29.8425 4
8.96771 93.9654 16 17.5648 4
0 0 0 0 0
0 0 0 0 0
8.93414 89.5743 16 21.9179 4
8.92733 95.0055 16 19.4864 4
8.90753 56.9505 16 21.1241 4
0 0 0 0 0
0 0 0 0 0
0 0 0 0 0
0 0 0 0 0
0 0 0 0 0
0 0 0 0 0
0 0 0 0 0
8.81852 83.0284 16 23.1645 4
8.80524 82.3204 16 20.8709 4
8.79289 68.9078 16 15.3981 4
0 0 0 0 0
0 0 0 0 0
0 0 0 0 0
0 0 0 0 0
0 0 0 0 0
0 0 0 0 0
8.71759 69.8816 16 20.7348 4
8.70378 78.91 16 18.2566 4
0 0 0 0 0
8.69853 69.0089 16 27.8416 4
8.6628 115.462 16 16.2368 4
8.6417 85.7298 16 20.4096 4
0 0 0 0 0
0 0 0 0 0
0 0 0 0 0
8.63708 70.0819 16 24.2627 4
8.58611 57.9076 16 21.2589 4
8.57383 85.5032 16 27.2235 4
0 0 0 0 0
0 0 0 0 0
8.54074 64.13 16 25.4737 4
0 0 0 0 0
0 0 0 0 0
8.60962 70.0886 16 18.2696 4
0 0 0 0 0
0 0 0 0 0
8.96425 93.9814 16 23.5085 4
0 0 0 0 0
0 0 0 0 0
0 0 0 0 0
8.42924 91.6819 16 13.5382 4
0 0 0 0 0
0 0 0 0 0
0 0 0 0 0
0 0 0 0 0
0 0 0 0 0
0 0 0 0 0
0 0 0 0 0
0 0 0 0 0
0 0 0 0 0
8.32193 76.3474 16 20.1258 4
8.3057 78.3977 16 14.7606 4
0 0 0 0 0
0 0 0 0 0
8.2796 82.8416 16 16.1437 4
8.26242 74.3461 16 21.9633 4
8.74935 84.4786 16 22.309 4
0 0 0 0 0
0 0 0 0 0
0 0 0 0 0
0 0 0 0 0
0 0 0 0 0
0 0 0 0 0
8.18792 49.8959 16 20.2148 4
8.25882 78.0624 16 18.9202 4
0 0 0 0 0
0 0 0 0 0
0 0 0 0 0
0 0 0 0 0
0 0 0 0 0
0 0 0 0 0
8.09012 68.4035 16 18.7619 4
8.57566 82.008 16 26.1929 4
8.06736 75.3093 16 21.9588 4
8.059 69.0932 16 16.4535 4
0 0 0 0 0
0 0 0 0 0
8.01777 91.8546 16 10.5904 4
8.35377 88.2232 16 25.6879 4
0 0 0 0 0
0 0 0 0 0
0 0 0 0 0
0 0 0 0 0
0 0 0 0 0
0 0 0 0 0
0 0 0 0 0
7.88245 116.369 16 25.7997 4
8.20413 78.5939 16 21.0924 4
7.86166 54.2629 16 22.1667 4
8.32802 111.216 16 17.1836 4
0 0 0 0 0
0 0 0 0 0
8.29849 124.703 16 17.917 4
8.12971 80.4307 16 15.5847 4
0 0 0 0 0
0 0 0 0 0
7.96567 78.9925 16 20.4206 4
0 0 0 0 0
0 0 0 0 0
0 0 0 0 0
0 0 0 0 0
0 0 0 0 0
0 0 0 0 0
0 0 0 0 0
7.79321 100.525 16 16.4426 4
8.15465 67.7871 16 21.9047 4
0 0 0 0 0
0 0 0 0 0
7.79418 76.94 16 16.1643 4
8.10339 63.7645 16 15.9997 4
8.09298 77.6871 16 22.1099 4
8.08146 91.4747 16 15.3224 4
7.85378 78.3473 16 16.4055 4
0 0 0 0 0
0 0 0 0 0
0 0 0 0 0
0 0 0 0 0
0 0 0 0 0
8.01156 65.0163 16 22.1567 4
0 0 0 0 0
7.84251 65.001 16 18.7639 4
7.97171 95.5303 16 25.1242 4
0 0 0 0 0
0 0 0 0 0
7.93996 70.5955 16 24.8274 4
7.92837 60.7934 16 14.1631 4
7.90853 67.1124 16 21.2966 4
7.89708 72.1288 16 23.1832 4
7.88841 93.1529 16 17.0914 4
7.87702 108.155 16 16.3799 4
7.86514 73.9061 16 23.3667 4
0 0 0 0 0
0 0 0 0 0
0 0 0 0 0
7.80537 105.417 16 18.1909 4
0 0 0 0 0
0 0 0 0 0
7.77565 76.8238 16 19.5287 4
7.75707 72.6842 16 21.8032 4
0 0 0 0 0
0 0 0 0 0
7.71245 74.1123 16 20.6332 4
7.69196 94.5127 16 22.8233 4
7.67291 79.3741 16 18.7349 4
0 0 0 0 0
0 0 0 0 0
0 0 0 0 0
0 0 0 0 0
7.61125 96.715 16 24.1692 4
0 0 0 0 0
7.59205 61.6615 16 18.1284 4
7.58117 111.213 16 16.9598 4
7.56906 48.1233 16 25.0617 4
0 0 0 0 0
7.55059 73.5845 16 19.9125 4
0 0 0 0 0
0 0 0 0 0
7.51914 73.1652 16 20.6465 4
7.50731 107.371 16 16.4702 4
7.49806 68.263 16 21.1375 4
7.48751 84.9544 16 22.059 4
7.47535 71.4437 16 18.7749 4
7.45823 92.1922 16 20.4938 4
7.44541 75.4322 16 23.2496 4
0 0 0 0 0
0 0 0 0 0
0 0 0 0 0
7.3849 85.7466 16 7.0113 4
7.37655 70.7415 16 15.325 4
7.36603 71.447 16 8.75881 4
7.35175 64.6351 16 9.22614 4
7.33171 114.975 16 23.0479 4
0 0 0 0 0
7.30306 86.8138 16 21.4116 4
7.28307 83.5844 16 15.2382 4
7.2708 55.5851 16 18.2358 4
7.25182 63.5223 16 19.4478 4
7.23841 74.2322 16 20.219 4
7.22229 78.5603 16 23.4693 4
7.2084 107.558 16 22.9851 4
0 0 0 0 0
7.19045 105.754 16 16.7346 4
7.18048 80.0131 16 13.1249 4
7.16975 78.5779 16 20.0761 4
7.16036 85.6951 16 15.6724 4
7.14761 70.9053 16 16.6184 4
0 0 0 0 0
7.1189 81.6023 16 19.284 4
7.10896 64.3667 16 16.98 4
7.09817 76.0671 16 12.7551 4
7.08656 87.6733 16 21.1434 4
7.06737 60.3418 16 26.4096 4
7.05567 63.2844 16 17.6863 4
7.03805 79.9913 16 21.5724 4
7.02461 88.909 16 20.1745 4
7.00921 94.4886 16 12.7462 4
6.99372 79.9952 16 22.4001 4
0 0 0 0 0
6.96484 102.21 16 15.8824 4
6.95586 96.94 16 14.9059 4
6.94694 71.265 16 18.6769 4
6.93288 86.0965 16 17.3182 4
6.91473 90.7315 16 20.5125 4
6.90222 76.9302 16 24.8409 4
6.87903 82.6872 16 20.8591 4
6.86188 90.892 16 21.0346 4
6.85126 79.1488 16 20.8871 4
6.84243 99.1481 16 12.78 4
6.83238 78.8066 16 26.5901 4
6.8198 46.2755 16 13.9885 4
6.81225 63.2308 16 25.4918 4
6.80149 71.7979 16 21.1114 4
6.79128 60.7876 16 17.1185 4
6.78069 82.5385 16 15.0241 4
6.77114 105.499 16 12.4955 4
6.75404 60.1487 16 21.7067 4
6.74175 83.9647 16 18.8248 4
6.72771 70.156 16 24.0246 4
6.71619 74.9409 16 25.2435 4
6.70668 109.693 16 20.8613 4
6.69491 71.6619 16 12.9023 4
6.68655 102.131 16 20.9721 4
6.67666 91.5483 16 14.826 4
6.66342 75.9962 16 16.255 4
6.64454 102.196 16 18.5067 4
6.63101 87.3522 16 24.4176 4
6.61171 90.0145 16 21.3802 4
6.60249 63.843 16 15.0923 4
6.59194 62.5615 16 20.0705 4
6.58011 70.1312 16 18.0148 4
6.56161 93.8262 16 22.1566 4
6.55013 65.1962 16 20.8644 4
6.541 101.587 16 17.7534 4
6.53163 97.9382 16 22.137 4
6.52053 44.9265 16 17.6781 4
6.51123 75.4578 16 23.0255 4
6.50088 67.3697 16 18.5083 4
6.48914 73.6596 16 15.0231 4
6.46976 78.6308 16 23.5675 4
6.45718 65.8134 16 19.8774 4
6.44 83.7214 16 19.01 4
6.42853 91.7756 16 17.2498 4
6.41849 86.3697 16 22.8248 4
6.40819 54.2301 16 20.4416 4
6.39633 81.4968 16 19.6706 4
6.37755 72.966 16 26.2719 4
6.36518 91.0301 16 16.5604 4
6.34657 100.315 16 26.7721 4
6.33303 112.303 16 20.6147 4
6.31369 76.4569 16 9.19236 4
6.2991 66.4566 16 16.9088 4
6.27925 96.6781 16 21.5878 4
6.27126 64.5336 16 18.234 4
6.26122 99.6331 16 22.6651 4
6.24617 62.6534 16 16.0387 4
6.22921 74.5108 16 19.7835 4
6.21716 79.458 16 11.1719 4
6.20934 75.384 16 15.8738 4
6.1986 83.4585 16 12.8805 4
6.1871 92.1836 16 18.3499 4
6.17779 95.9314 16 25.8458 4
6.16784 102.83 16 18.0996 4
6.15574 94.6402 16 15.7227 4
6.13846 64.7578 16 17.3984 4
6.12598 60.9665 16 19.5574 4
6.11701 97.6197 16 15.3533 4
6.10596 92.3571 16 17.5023 4
6.09591 76.4947 16 20.0744 4
6.08589 87.3175 16 18.6107 4
6.07552 67.5595 16 30.8627 4
6.0639 95.5873 16 19.3574 4
6.04564 70.9598 16 19.5908 4
6.03435 102.531 16 25.7661 4
6.02563 106.762 16 17.6941 4
6.01518 55.3557 16 24.7203 4
6.00288 56.4855 16 20.1072 4
5.98393 87.1749 16 24.9604 4
5.97257 90.3141 16 13.9536 4
5.95419 100.58 16 26.0114 4
5.94082 93.4528 16 34.5365 4
5.92325 70.2157 16 20.1098 4
5.91142 65.7939 16 17.5143 4
5.90201 82.226 16 22.2251 4
5.88925 102.338 16 16.1198 4
5.87183 88.9228 16 24.3259 4
5.85894 73.0696 16 20.8188 4
5.85186 77.7694 16 20.7139 4
5.8405 68.1346 16 21.0713 4
5.83103 75.7691 16 24.6531 4
5.8209 90.542 16 11.2444 4
5.81104 82.8172 16 18.1806 4
5.79741 72.3736 16 18.0916 4
5.78023 101.36 16 24.7725 4
5.76832 51.5631 16 14.4044 4
5.75621 83.6046 16 21.3569 4
5.74956 85.7638 16 18.5308 4
5.73723 64.7829 16 14.2572 4
5.72923 72.2095 16 20.3031 4
5.71854 93.6578 16 27.8944 4
5.70693 72.7519 16 24.3539 4
5.68781 104.982 16 22.182 4
5.67561 81.0163 16 20.5058 4
5.65763 62.1031 16 26.8512 4
5.64466 71.0114 16 23.014 4
5.62679 78.9339 16 15.8735 4
5.61363 65.8102 16 14.0208 4
5.59568 43.9605 16 25.3291 4
5.58424 49.9333 16 12.1493 4
5.56609 97.9134 16 21.1749 4
5.55444 89.0863 16 20.3941 4
5.54548 82.681 16 24.8361 4
5.53487 79.5332 16 17.1536 4
5.52357 88.383 16 11.6531 4
5.50344 57.7389 16 16.8762 4
5.49118 66.093 16 21.6842 4
5.4735 59.7363 16 24.4079 4
5.46105 65.8939 16 17.1595 4
5.45342 59.5548 16 25.915 4
5.44388 86.3684 16 30.7256 4
5.42939 82.5951 16 17.3143 4
5.41214 97.7664 16 22.9748 4
5.40119 104.301 16 18.0663 4
5.39212 82.384 16 24.5997 4
5.37952 106.723 16 16.3825 4
5.37178 87.3017 16 17.3992 4
5.36166 73.6776 16 23.3914 4
5.34874 99.2814 16 19.1758 4
5.33068 118.914 16 24.7668 4
5.31873 56.6395 16 20.8967 4
5.29964 99.2478 16 20.8916 4
5.28794 75.4216 16 19.1401 4
5.26914 62.4286 16 17.658 4
5.25805 71.035 16 22.383 4
5.23883 93.1899 16 18.94 4
5.22387 83.5845 16 20.6999 4
5.20797 88.0811 16 21.5599 4
5.19553 53.2927 16 19.7631 4
5.18753 68.4038 16 22.2213 4
5.17754 74.4109 16 21.1505 4
5.16544 82.3799 16 17.4 4
5.15724 72.8209 16 16.4101 4
5.14646 92.4371 16 13.7369 4
5.13233 83.7823 16 23.0031 4
5.11566 72.8217 16 17.4295 4
5.10384 67.2373 16 20.6426 4
5.09528 75.5847 16 19.6509 4
5.08392 66.1926 16 22.2864 4
5.07178 74.531 16 24.7822 4
5.05391 98.5223 16 19.7056 4
5.04021 78.6535 16 22.4076 4
5.0226 83.1412 16 11.3046 4
5.01153 92.667 16 25.4126 4
5.00207 73.7792 16 24.7603 4
4.50236 79.0627 16 20.2842 4
4.97059 61.3956 16 17.3722 4
4.95859 75.4686 16 18.0458 4
4.94086 89.4224 16 19.9371 4
4.92754 66.3205 16 21.6734 4
4.42289 58.1588 16 13.2043 4
4.45275 87.2495 16 19.2691 4
4.39278 94.0352 16 25.6488 4
4.43407 77.0853 16 24.5084 4
4.35891 85.8007 16 18.1123 4
4.35081 98.3171 16 16.1522 4
4.33916 91.6056 16 22.9547 4
4.35925 85.368 16 15.834 4
4.33288 109.644 16 14.1864 4
4.34048 84.2217 16 25.5195 4
4.34607 97.1458 16 16.5083 4
4.32783 61.1796 16 25.382 4
4.75646 69.539 16 20.5094 4
4.32815 54.1494 16 20.4078 4
4.2874 80.8837 16 24.0572 4
4.25106 81.7092 16 14.0087 4
4.28665 86.6086 16 20.3204 4
4.21865 70.3126 16 21.3429 4
4.20694 74.6776 16 20.1776 4
4.19205 60.6685 16 14.4559 4
4.1877 76.6454 16 21.6885 4
4.1758 108.827 16 20.3458 4
4.1645 67.692 16 16.8265 4
4.16352 46.9844 16 18.3817 4
4.13399 83.6435 16 12.1315 4
4.20564 84.9976 16 18.5276 4
4.2049 78.6944 16 22.1921 4
4.17386 87.388 16 20.2681 4
4.16891 116.935 16 14.9868 4
4.16416 57.7007 16 23.038 4
4.14782 75.9379 16 20.0414 4
4.13977 62.5528 16 12.3238 4
4.08418 90.9231 16 20.6751 4
4.00951 79.2779 16 15.7677 4
4.0026 56.2866 16 20.5974 4
4.0077 103.251 16 23.5191 4
3.97987 86.3073 16 14.7975 4
3.97047 67.1321 16 27.1479 4
3.95717 70.1831 16 21.6731 4
3.98957 36.1213 16 18.7405 4
3.95436 83.7561 16 24.6134 4
3.92482 89.3052 16 24.0022 4
4.00248 101.515 16 16.3314 4
3.9639 104.296 16 20.8221 4
4.0191 78.3761 16 21.2939 4
3.99875 70.4072 16 19.2025 4
4.00476 57.5146 16 22.7455 4
3.98501 73.2687 16 18.6716 4
3.96121 70.8346 16 14.5412 4
3.90962 85.8844 16 25.0329 4
3.90102 80.1117 16 23.4023 4
3.88173 109.275 16 20.3001 4
3.82386 90.9353 16 22.3119 4
3.87783 75.3554 16 19.7602 4
3.78456 80.6814 16 21.1324 4
3.77735 77.155 16 16.0549 4
3.88041 103.937 16 22.0593 4
3.78391 32.0689 16 18.6112 4
3.78663 80.5062 16 17.5722 4
3.74169 53.1785 16 8.23261 4
3.81788 62.6347 16 23.7247 4
3.84522 64.2398 16 14.1907 4
3.78147 67.8117 16 18.3818 4
3.82601 92.3745 16 22.6843 4
3.81766 50.6876 16 21.9277 4
3.71449 83.1123 16 17.9698 4
3.81048 62.6928 16 22.3217 4
3.78279 89.2181 16 22.2681 4
3.75617 82.3055 16 20.0968 4
3.74807 83.0811 16 14.8249 4
3.77558 63.4236 16 23.1392 4
3.67096 108.83 16 19.0822 4
3.64122 87.2126 16 16.2005 4
3.71833 99.6937 16 23.4182 4
3.61854 60.6432 16 20.9021 4
3.60899 86.009 16 26.2484 4
3.63272 92.7963 16 20.3264 4
3.60744 72.98 16 15.6318 4
3.61488 68.7952 16 20.7549 4
3.57417 110.692 16 21.3727 4
3.64496 98.6868 16 16.3044 4
3.65982 64.8455 16 19.7326 4
3.58701 82.0349 16 15.6894 4
3.66458 99.1603 16 16.4324 4
3.65132 52.4658 16 20.4002 4
3.63113 60.4973 16 21.1431 4
3.63214 78.9607 16 17.747 4
3.62361 108.856 16 22.8955 4
3.51656 63.3832 16 16.5003 4
3.59819 97.7912 16 15.2174 4
3.56899 90.4365 16 22.5806 4
3.58043 66.4245 16 15.0594 4
3.57847 72.377 16 17.8469 4
3.56771 82.6049 16 23.0444 4
3.55249 80.4101 16 14.6215 4
3.42956 51.9403 16 17.8195 4
3.53572 99.8816 16 14.5093 4
3.48529 64.8722 16 16.8379 4
3.48659 91.5159 16 21.954 4
3.456 109.772 16 15.2933 4
3.49319 85.4726 16 16.787 4
3.44025 93.1663 16 23.982 4
3.39713 112.341 16 15.7446 4
3.43436 86.1414 16 23.7343 4
3.36307 91.9841 16 23.5845 4
3.24643 75.7022 16 14.084 4
3.36522 78.8823 16 25.5194 4
3.21788 88.9576 16 22.0512 4
3.20475 74.025 16 25.6675 4
3.3632 77.5618 16 17.3257 4
3.35133 65.5424 16 16.8613 4
3.39002 77.9036 16 12.431 4
3.37709 48.6578 16 14.2983 4
3.34286 61.8276 16 19.575 4
3.33912 48.5681 16 22.2492 4
3.34094 98.6045 16 19.3396 4
3.09422 88.3542 16 20.0754 4
3.08325 49.9865 16 22.7574 4
3.06163 87.5021 16 16.2162 4
3.0384 80.6205 16 27.3942 4
3.02616 98.4889 16 21.9009 4
3.01902 65.9317 16 19.0989 4
3.007 81.5446 16 21.8227 4
2.99258 73.3065 16 23.3127 4
2.97986 92.0826 16 24.625 4
2.96836 81.9929 16 25.6436 4
3.21663 59.064 16 21.7507 4
2.94912 69.997 16 19.0809 4
2.93759 56.4591 16 17.5363 4
2.92869 102.665 16 23.6707 4
2.91778 70.222 16 23.9715 4
3.16715 60.9282 16 18.3679 4
2.89526 102.981 16 14.0117 4
3.06904 101.319 16 19.0152 4
3.11156 91.1395 16 23.7759 4
2.92642 79.8678 16 28.8411 4
2.84742 93.8887 16 21.2899 4
2.83518 82.8346 16 25.1881 4
2.89637 84.1585 16 19.5024 4
2.89134 73.452 16 20.0871 4
2.85005 100.369 16 17.9084 4
3.03376 106.204 16 18.1749 4
2.98689 77.9744 16 26.1966 4
3.02516 74.5914 16 12.8173 4
2.83924 64.5956 16 14.9343 4
2.98687 50.4831 16 22.7996 4
2.99207 92.6688 16 20.844 4
2.97275 86.1038 16 15.4265 4
2.89927 53.8903 16 22.5193 4
2.67452 69.3337 16 18.7352 4
2.65128 115.618 16 13.3331 4
2.64065 71.2502 16 14.87 4
2.63153 104.156 16 25.0254 4
2.61224 75.5697 16 19.1362 4
2.60762 95.0097 16 9.42273 4
2.59833 88.0007 16 25.6972 4
2.58739 106.118 16 16.1829 4
2.56366 101.091 16 23.2538 4
2.55091 77.4834 16 22.7617 4
2.54545 58.3213 16 16.5265 4
2.53572 59.4349 16 30.371 4
2.52052 72.6825 16 21.7 4
2.50556 72.5489 16 21.9289 4
2.4907 69.3382 16 18.659 4
2.47441 70.0547 16 18.4606 4
2.46075 72.3804 16 23.7053 4
2.43997 76.6315 16 23.3107 4
2.42813 69.8388 16 25.388 4
2.40633 107.988 16 18.3955 4
2.39719 83.7955 16 12.854 4
2.37483 74.8128 16 22.3262 4
2.36237 101.39 16 20.6436 4
2.34187 59.6811 16 18.2317 4
2.32785 77.9561 16 16.5097 4
2.3095 118.299 16 20.5488 4
2.30358 77.4223 16 22.4276 4
2.2922 97.9495 16 21.2959 4
2.28077 57.5527 16 17.8535 4
2.2613 73.3022 16 24.9501 4
2.24698 86.6742 16 20.6455 4
2.22817 74.2641 16 24.763 4
2.21793 98.4201 16 9.83022 4
2.19508 81.1982 16 17.8299 4
2.18284 89.7253 16 13.2 4
2.16 51.0703 16 17.358 4
2.15057 59.3194 16 22.1908 4
2.12857 75.2455 16 15.526 4
2.11565 70.7677 16 27.277 4
2.10899 67.0527 16 15.2557 4
2.10072 49.9594 16 16.1213 4
2.08223 62.4225 16 14.7494 4
2.06049 89.5096 16 26.3791 4
2.04776 56.9237 16 24.2505 4
2.02929 80.6896 16 16.7546 4
2.02109 90.3198 16 19.3228 4
2.01156 89.442 16 18.2104 4
1.99307 55.7983 16 17.6095 4
1.9826 55.2904 16 19.8918 4
1.95855 69.152 16 21.5845 4
1.949 92.3678 16 15.1179 4
1.93527 51.5716 16 19.0981 4
1.9273 107.699 16 18.7967 4
1.91416 50.378 16 25.4154 4
1.90236 77.8341 16 21.0153 4
1.89366 54.3394 16 19.8246 4
1.8804 49.4807 16 10.0163 4
1.87031 57.5424 16 17.2657 4
1.858 63.2711 16 21.7405 4
1.8477 83.3209 16 18.4158 4
1.83721 83.3945 16 17.5851 4
1.81686 48.1353 16 15.2479 4
1.80345 82.753 16 23.473 4
1.78472 85.0482 16 18.64 4
1.7956 55.0546 16 23.2386 4
1.78016 49.3053 16 12.6311 4
1.76522 74.9735 16 20.8744 4
1.74771 129.965 16 18.1091 4
1.73221 117.373 16 26.155 4
1.70936 62.459 16 27.816 4
1.69152 77.9446 16 20.184 4
1.68089 82.7641 16 17.9941 4
1.66953 82.153 16 19.567 4
1.6574 62.0868 16 18.8603 4
1.6468 68.7637 16 30.9307 4
1.63832 72.9805 16 13.5956 4
1.63079 97.4476 16 22.2653 4
1.61595 96.6524 16 21.7415 4
1.60869 85.9632 16 18.3656 4
1.59877 69.356 16 9.79883 4
1.58347 82.7765 16 19.5202 4
1.57874 75.7838 16 15.04 4
1.56511 84.4809 16 10.9043 4
1.55274 71.2146 16 18.1652 4
1.54383 75.4157 16 17.2965 4
1.53273 78.1464 16 21.8278 4
1.51607 84.3769 16 22.3137 4
1.50922 53.9455 16 17.9269 4
1.50028 69.7523 16 16.3544 4
1.48883 77.7678 16 23.3519 4
1.49161 81.3374 16 22.9756 4
1.48642 65.4678 16 22.063 4
1.45458 84.5151 16 25.0892 4
1.47159 84.4744 16 24.0118 4
1.45774 85.3682 16 8.97543 4
1.45155 95.2466 16 15.6405 4
1.44098 124.693 16 24.2151 4
1.42742 104.484 16 22.962 4
1.41838 74.4459 16 24.1508 4
1.40466 73.2042 16 21.8417 4
1.39281 95.0424 16 22.5754 4
1.37079 63.5482 16 27.1845 4
1.36012 91.2576 16 14.6132 4
1.33926 93.1058 16 21.3343 4
1.32567 59.0848 16 24.7953 4
1.30656 85.8204 16 18.4168 4
1.29712 88.5813 16 18.5958 4
1.28668 73.8751 16 13.2501 4
1.29616 92.6565 16 27.6606 4
1.28296 68.6382 16 25.3036 4
1.26711 85.1258 16 17.2306 4
1.25566 62.7857 16 21.0027 4
1.24335 70.0163 16 28.4871 4
1.23314 73.9888 16 25.0543 4
1.22031 97.5455 16 19.037 4
1.19668 80.3153 16 18.2834 4
1.17976 82.3976 16 16.6327 4
1.16039 94.3297 16 16.6575 4
1.14884 40.4926 16 20.0428 4
1.12663 74.2738 16.7367 27.6201 4.18417
1.11286 105.49 16.9429 22.2178 4.23572
1.10312 96.8614 17.3405 18.0089 4.33512
1.08672 78.3351 19.0177 13.6758 4.75443
1.06616 74.2371 20.1489 19.912 5.03723
1.05398 96.8659 21.856 12.6877 5.46399
1.03238 82.1669 23.9899 9.81489 5.99747
1.01979 33.8246 26.1251 10.2319 6.53128
1.00439 119.871 27.6945 21.5204 6.92362
1.00868 93.1766 27.7093 18.6018 6.92733
1.00064 89.9861 28.0854 10.186 7.02136
0.990346 28.5713 28.6064 20.734 7.1516
0.980297 80.8635 29.6393 15.209 7.40984
0.971003 91.4857 30.0709 14.8803 7.51773
0.955875 116.892 31.7028 16.5761 7.92569
0.947035 104.682 32.2629 21.259 8.06573
0.934111 104.888 33.1991 23.0133 8.29979
0.920643 129.355 34.5091 22.404 8.62727
0.911484 78.9665 38.1255 33.3957 9.53139
0.897328 73.784 41.6809 44.9373 10.4202
0.88436 89.2839 40.6454 22.5543 10.1613
0.874416 18.7026 45.3086 20.9993 11.3271
0.863008 109.146 46.7858 13.4058 11.6965
0.856863 128.57 46.765 34.1247 11.6913
0.834068 102.483 48.2411 18.4596 12.0603
0.833984 111.726 48.2523 12.6924 12.0631
0.825258 145.943 47.9616 8.74951 11.9904
0.813037 81.2445 0.8 20.1305 0.2
0.80371 79.0316 0.8 19.8662 0.2
0.788574 79.5545 0.8 19.7908 0.2
0.774239 79.7742 0.8 20.2513 0.2
0.747594 79.7944 0.8 19.9455 0.2
0.731219 79.7222 0.8 19.8014 0.2
0.716889 79.0103 0.8 20.3766 0.2
0.721015 79.8821 0.8 19.7804 0.2
0.700057 79.1253 0.8 19.8609 0.2
0.674818 79.4267 0.8 20.0668 0.2
0.653009 79.6821 0.8 19.7725 0.2
0.640124 81.1137 0.8 20.0634 0.2
0.626444 79.9326 0.8 19.7552 0.2
0.62083 79.3623 0.8 20.0152 0.2
0.59268 80.2274 0.8 20.061 0.2
0.582766 81.8451 0.8 20.1963 0.2
0.572946 79.9914 0.8 20.0962 0.2
0.551852 81.6386 0.8 19.9677 0.2
0.530341 80.0809 0.8 19.8953 0.2
0.521166 80.4523 0.8 20.16 0.2
0.504504 79.9498 0.8 19.6048 0.2
0.494416 78.9688 0.8 20.2534 0.2
0.48631 81.0068 0.8 19.8553 0.2
0.476239 79.9764 0.8 19.9542 0.2
0.455119 80.0049 0.8 19.4377 0.2
0.431253 78.7769 0.8 19.6634 0.2
0.424744 80.2636 0.8 19.8797 0.2
0.405206 79.3302 0.8 19.7948 0.2
0.403621 79.7063 0.8 20.4938 0.2
0.400513 79.3691 0.8 20.2458 0.2
0.401917 80.5273 0.8 19.7326 0.2
0.401957 79.2727 0.8 19.8021 0.2
0.40164 79.7065 0.8 19.6532 0.2
0.401156 79.9695 0.8 19.9847 0.2
0.403456 80.4839 0.8 20.303 0.2
0.400319 80.3674 0.8 20.0705 0.2
0.400144 80.2128 0.8 20.1077 0.2
0.400841 79.3516 0.8 19.8868 0.2
0.402244 80.9418 0.8 19.7052 0.2
