0.074216
0.096688
0.092386
0.192283
0.172738
0.190007
0.18656
0.119754
0.140689
0.133688
0.205163
0.103685
0.168696
0.201816
0.207698
0.130246
0.166258
0.113505
0.183338
0.121739
0.132973
0.144158
0.089829
0.165471
0.133809
0.118313
0.178298
0.238746
0.117731
0.136512
0.161073
0.123911
0.124626
0.137063
0.136279
0.191052
0.138681
0.169134
0.185237
0.220469
0.181371
0.195516
0.124999
0.125586
0.148016
0.139701
0.100431
0.172209
0.101925
0.14197
0.188066
0.143172
0.099568
0.145358
0.131726
0.124802
0.224232
0.153754
0.109826
0.192153
0.160573
0.197626
0.139137
0.165113
0.166881
0.131908
0.135276
0.145061
0.180258
0.133046
0.131799
0.147973
0.189187
0.132543
0.127218
0.115342
0.103722
0.089962
0.151504
0.134751
0.167277
0.143934
0.126336
0.156329
0.083055
0.169675
0.104217
0.168347
0.104592
0.158887
0.20586
0.119074
0.123461
0.164467
0.210765
0.11289
0.110076
0.153246
0.112738
0.139537
0.140743
0.082008
0.147026
0.156454
0.10021
0.147756
0.135323
0.045252
0.171078
0.103406
0.146536
0.156636
0.155544
0.204348
0.12003
0.163376
0.188955
0.159382
0.121891
0.134213
0.188924
0.1308
0.123137
0.1513
0.141277
0.088755
0.164361
0.071151
0.101843
0.174984
0.253877
0.178531
0.169691
0.131193
0.170826
0.213391
0.134054
0.165013
0.146642
0.156914
0.201408
0.16759
0.166025
0.111297
0.14595
0.16863
0.111586
0.147968
0.131375
0.134406
0.14918
0.141958
0.112325
0.19705
0.183846
0.163608
0.146705
0.151544
0.125122
0.137713
0.104602
0.125253
0.137624
0.140049
0.126721
0.111902
0.249623
0.161415
0.106145
0.16135
0.174343
0.113359
0.092632
0.180803
0.19563
0.129104
0.177347
0.178437
0.173451
0.125967
0.111287
0.15071
0.152175
0.132583
0.134106
0.149813
0.159117
0.13365
0.141835
0.176734
0.160831
0.123174
0.154623
0.16933
0.0889
0.185678
0.136248
0.17087
0.073168
0.159427
0.145004
0.171686
0.179319
0.15836
0.206548
0.144653
0.088859
0.164646
0.177108
0.119869
0.190004
0.133174
0.101659
0.11674
0.121584
0.231319
0.092504
0.167287
0.167948
0.129755
0.128484
0.144658
0.144002
0.130783
0.140501
0.140558
0.149809
0.155966
0.098999
0.153381
0.064847
0.083054
0.190065
0.1357
0.131374
0.118483
0.149117
0.102726
0.155708
0.140152
0.142489
0.161599
0.158188
0.162932
0.16781
0.151058
0.116824
0.169782
0.207016
0.118382
0.212026
0.144711
0.100057
0.171451
0.170369
0.107391
0.138985
0.146835
0.12887
0.181922
0.135394
0.170173
0.178673
0.166129
0.131848
0.141504
0.163689
0.121001
0.120426
0.206535
0.163982
0.171595
0.168836
0.17092
0.129272
0.158603
0.098816
0.093821
0.132993
0.155533
0.13907
0.117879
0.145059
0.085568
0.14849
0.115355
0.178844
0.122136
0.10284
0.142133
0.185959
0.105013
0.12107
0.172784
0.153542
0.139445
0.134162
0.129064
0.117814
0.122128
0.140345
0.148342
0.173309
0.118593
0.132214
0.152584
0.10298
0.178199
0.127165
0.131439
0.119722
0.176679
0.144854
0.081311
0.158093
0.173222
0.122303
0.112979
0.086716
0.179786
0.090734
0.166288
0.137908
0.167875
0.138912
0.156442
0.145508
0.140461
0.157283
0.159012
0.194208
0.149058
0.198618
0.206106
0.109291
0.117684
0.192044
0.129325
0.153184
0.122427
0.142268
0.146305
0.175832
0.185259
0.182565
0.139294
0.144248
0.158287
0.148949
0.148187
0.150819
0.11731
0.145983
0.111357
0.133119
0.100608
0.243657
0.142467
0.084024
0.109706
0.241682
0.16932
0.215355
0.18516
0.264719
0.177493
0.114845
0.092825
0.175136
0.09045
0.105419
0.139228
0.153439
0.10957
0.137196
0.117942
0.148242
0.266345
0.126585
0.14903
0.12211
0.202246
0.231418
0.120994
0.144382
0.135552
0.152822
0.083527
0.154556
0.186276
0.18376
0.123801
0.138041
0.155391
0.138018
0.110248
0.113706
0.156925
0.117575
0.152315
0.169534
0.150071
0.164446
0.153278
0.147517
0.123764
0.124667
0.180289
0.18019
0.147815
0.145888
0.147016
0.15298
0.100927
0.160149
0.143379
0.108239
0.16975
0.151158
0.123721
0.164084
0.132024
0.202975
0.162305
0.141458
0.150002
0.14415
0.128752
0.145415
0.126619
0.169995
0.118268
0.159553
0.065812
0.126662
0.134484
0.135906
0.169188
0.133293
0.125625
0.08967
0.180388
0.146443
0.114035
0.190396
0.218329
0.117496
0.153536
0.091762
0.197498
0.145223
0.157727
0.168381
0.167462
0.126477
0.060622
0.111175
0.162811
0.161017
0.143401
0.166457
0.158138
0.087236
0.149828
0.180623
0.152277
0.141769
0.096881
0.118256
0.170176
0.157219
0.187002
0.111584
0.105796
0.149012
0.116804
0.171509
0.143973
0.147789
0.132896
0.144161
0.17884
0.150599
0.158201
0.189164
0.106524
0.194026
0.069168
0.139767
0.146679
0.090808
0.082756
0.137999
0.114573
0.120605
0.163611
0.165314
0.239912
0.203382
0.112578
0.144289
0.2219
0.138755
0.083199
0.141708
0.088213
0.149615
0.170692
0.181329
0.133376
0.206905
0.114884
0.145603
0.129765
0.156964
0.181392
0.117315
0.157696
0.124585
0.091721
0.160183
0.14524
0.18709
0.120352
0.155442
0.168621
0.127543
0.194092
0.140098
0.156947
0.139275
0.183284
0.148985
0.137648
0.105812
0.1365
0.162819
0.148361
0.087039
0.123981
0.107963
0.180422
0.207729
0.163977
0.158048
0.169142
0.140255
0.170188
0.165724
0.165128
0.125533
0.187936
0.164301
0.171245
0.166216
0.190001
0.164325
0.126255
0.158655
0.149012
0.108953
0.132685
0.122361
0.130732
0.096407
0.159134
0.114556
0.131878
0.138096
0.186207
0.199849
0.163026
0.158622
0.068601
0.154326
0.138838
0.155468
0.133794
0.12673
0.095155
0.174671
0.103188
0.19833
0.185106
0.13467
0.190447
0.118621
0.190004
0.18181
0.115797
0.164344
0.186593
0.130303
0.16833
0.105329
0.132329
0.160585
0.162926
0.275965
0.124689
0.131528
0.131953
0.118507
0.173912
0.186082
0.119527
0.164226
0.120053
0.142233
0.15022
0.135051
0.104115
0.136278
0.160728
0.237198
0.155251
0.1355
0.210363
0.201194
0.152885
0.139369
0.167254
0.155781
0.141166
0.163886
0.160631
0.202454
0.149189
0.122187
0.088545
0.164234
0.127741
0.141874
0.133129
0.118904
0.099254
0.150749
0.169454
0.124701
0.074951
0.15906
0.167671
0.110105
0.156109
0.129559
0.166827
0.142122
0.203016
0.140691
0.116696
0.152834
0.160879
0.195484
0.183852
0.179588
0.128332
0.135959
0.138425
0.124463
0.155898
0.146548
0.154274
0.223182
0.121841
0.158282
0.112751
0.135465
0.159227
0.123156
0.158245
0.229886
0.136562
0.192296
0.203338
0.10609
0.230508
0.164441
0.142688
0.157184
0.114559
0.149099
0.138805
0.185951
0.150611
0.149563
0.098441
0.141273
0.198077
0.079932
0.145646
0.103587
0.176825
0.123483
0.24093
0.153996
0.294437
0.165093
0.190408
0.296476
0.145342
0.14659
0.141322
0.202625
0.134107
0.334196
0.211569
0.209479
0.176432
0.157942
0.188231
0.067735
0.234472
0.233869
0.107898
0.184014
0.196772
0.177336
0.189536
0.213754
0.162281
0.110949
0.161015
0.145447
0.151886
0.122928
0.143808
0.166055
0.173298
0.109023
0.165938
0.219562
0.186116
0.212016
0.11472
0.137006
0.147673
0.135089
0.201703
0.13085
0.171808
0.133043
0.254931
0.147323
0.144217
0.151455
0.147695
0.097239
0.13308
0.145771
0.221798
0.170936
0.138808
0.106913
0.170951
0.151038
0.233395
0.179943
0.132862
0.262793
0.161448
0.130731
0.144317
0.229527
0.181279
0.140124
0.159945
0.156538
0.181802
0.138927
0.162492
0.16005
0.080227
0.124816
0.072097
0.18348
0.228686
0.187431
0.135243
0.147481
0.153969
0.16214
0.148028
0.203253
0.107082
0.227315
0.123049
0.180598
0.149732
0.122276
0.120763
0.159325
0.178464
0.2034
0.157086
0.102219
0.054265
0.113927
0.182341
0.126359
0.144056
0.215561
0.130174
0.106283
0.134607
0.163287
0.138973
0.166172
0.157192
0.160922
0.18755
0.237864
0.094483
0.157286
0.160576
0.255628
0.136852
0.117195
0.154244
0.147089
0.1471
0.266835
0.142879
0.1663
0.152464
0.13642
0.146921
0.169141
0.161312
0.141092
0.191577
0.130485
0.167137
0.182452
0.271657
0.176309
0.163512
0.180034
0.152419
0.172469
0.193588
0.134827
0.150725
0.163277
0.203262
0.180094
0.13044
0.099423
0.201697
0.097533
0.198371
0.122348
0.142766
0.21145
0.137556
0.153338
0.149332
0.177189
0.117418
0.149636
0.156254
0.1599
0.174357
0.163091
0.22588
0.237122
0.245955
0.127908
0.191405
0.219902
0.154213
0.18204
0.142196
0.159153
0.149765
0.187123
0.134977
0.199931
0.238314
0.250973
0.132768
0.143375
0.147645
0.210614
0.124305
0.162748
0.266806
0.233059
0.1311
0.145758
0.15585
0.158228
0.164266
0.162647
0.201597
0.174637
0.184857
0.225912
0.180493
0.198329
0.156563
0.193823
0.103129
0.202341
0.211665
0.171718
0.126343
0.129404
0.164545
0.200738
0.117871
0.163908
0.110172
0.161673
0.116427
0.121974
0.121212
0.145153
0.189133
0.212889
0.136243
0.207792
0.168164
0.207822
0.194506
0.136954
0.131268
0.15877
0.136662
0.195106
0.287886
0.194784
0.129769
0.151947
0.127995
0.140299
0.19451
0.115023
0.235445
0.149442
0.157609
0.152395
0.170418
0.161955
0.181668
0.144604
0.182338
0.13345
0.106496
0.199959
0.261324
0.13607
0.283036
0.139925
0.242492
0.132534
0.202511
0.18842
0.221868
0.154835
0.100781
0.16283
0.173521
0.154949
0.124376
0.195242
0.185311
0.122574
0.234542
0.176714
0.261361
0.169696
0.115894
0.186609
0.181051
0.094371
0.272728
0.167458
0.07125
0.158457
0.203325
0.177286
0.269438
0.187744
0.126931
0.123313
0.205273
0.16415
0.205261
0.185835
0.206387
0.192824
0.10445
0.184624
0.177931
0.154309
0.176625
0.126895
0.273141
0.172775
0.28576
