0.130435
0.135821
0.08956
0.162246
0.202776
0.19976
0.145392
0.207271
0.220741
0.115749
0.138862
0.145651
0.129956
0.262939
0.200031
0.106381
0.186769
0.209046
0.146138
0.213504
0.192267
0.238769
0.147884
0.146115
0.160796
0.184154
0.109112
0.128457
0.176215
0.184494
0.198421
0.107463
0.127124
0.177951
0.105622
0.131492
0.174976
0.182028
0.108819
0.148078
0.156512
0.154725
0.149121
0.114728
0.21473
0.127467
0.100504
0.123787
0.106785
0.143529
0.134797
0.174009
0.150121
0.143313
0.126069
0.163476
0.213262
0.119464
0.158331
0.095486
0.144596
0.148421
0.130064
0.239598
0.160044
0.107165
0.127443
0.11549
0.108388
0.160339
0.120787
0.119747
0.169447
0.102489
0.199975
0.140683
0.148382
0.240299
0.099686
0.168221
0.153797
0.106184
0.153986
0.180412
0.182446
0.093684
0.228686
0.144574
0.191057
0.171099
0.107651
0.161317
0.083229
0.087061
0.170518
0.167032
0.147725
0.12887
0.107664
0.171696
0.148851
0.046011
0.12954
0.172026
0.115471
0.161742
0.101479
0.157272
0.14642
0.183562
0.117212
0.098505
0.166221
0.137454
0.079445
0.061076
0.157713
0.184323
0.108919
0.113023
0.134276
0.104727
0.150215
0.130013
0.144433
0.145552
0.177512
0.051334
0.123788
0.223564
0.144087
0.118163
0.179918
0.143907
0.130738
0.179705
0.140221
0.158349
0.141047
0.140362
0.14409
0.105026
0.139258
0.128166
0.177321
0.193371
0.140668
0.14986
0.12919
0.215686
0.117471
0.108597
0.125289
0.122828
0.161304
0.155471
0.143625
0.152063
0.126877
0.140161
0.115393
0.129891
0.176941
0.080465
0.098417
0.155022
0.082347
0.169626
0.142508
0.211035
0.166216
0.137986
0.119052
0.139438
0.159518
0.146686
0.10322
0.172093
0.10993
0.15903
0.13805
0.213973
0.200302
0.108426
0.149957
0.116717
0.129974
0.144904
0.146783
0.165093
0.150314
0.093356
0.104779
0.086195
0.134119
0.129198
0.120716
0.168229
0.147503
0.10061
0.130014
0.148108
0.197411
0.143426
0.139569
0.110544
0.133602
0.09235
0.131847
0.150174
0.201657
0.082353
0.135339
0.127606
0.076737
0.113202
0.162345
0.142803
0.103982
0.145312
0.133971
0.102126
0.151016
0.168747
0.187896
0.152614
0.159356
0.120903
0.174693
0.147832
0.137802
0.156187
0.143268
0.109078
0.143351
0.123463
0.183676
0.159286
0.137893
0.163867
0.125629
0.160811
0.1307
0.133187
0.157656
0.145805
0.140822
0.130421
0.12295
0.137507
0.134672
0.151513
0.125655
0.123177
0.13609
0.148339
0.199549
0.144458
0.133833
0.130692
0.110261
0.148874
0.108212
0.192241
0.123894
0.075534
0.126025
0.178145
0.133464
0.272274
0.190733
0.19906
0.144054
0.134308
0.135808
0.200132
0.120372
0.211564
0.107227
0.155426
0.167042
0.10867
0.132193
0.168456
0.224901
0.165201
0.153623
0.210656
0.162098
0.160384
0.140719
0.154806
0.177282
0.130423
0.149278
0.106602
0.18844
0.144573
0.200463
0.111688
0.085335
0.10638
0.140798
0.11542
0.160637
0.095557
0.196731
0.15137
0.15424
0.071777
0.149568
0.148581
0.17112
0.150033
0.251098
0.242528
0.095299
0.162009
0.13345
0.097065
0.153034
0.177753
0.0756
0.154703
0.202209
0.21864
0.13915
0.139242
0.131682
0.159771
0.121495
0.120059
0.16162
0.140703
0.124913
0.07035
0.197447
0.156667
0.046116
0.170062
0.16157
0.157141
0.125567
0.157268
0.149634
0.11923
0.150673
0.068637
0.120545
0.115958
0.081157
0.202463
0.155513
0.174073
0.155499
0.138983
0.150146
0.136135
0.174437
0.183913
0.168796
0.142439
0.150207
0.184677
0.12898
0.178582
0.122504
0.153174
0.133955
0.149733
0.164765
0.143553
0.105206
0.092154
0.179975
0.120651
0.134819
0.184059
0.141002
0.15788
0.14267
0.14492
0.119797
0.139543
0.10499
0.1925
0.129252
0.204089
0.152574
0.18007
0.147764
0.139258
0.1914
0.117504
0.132598
0.132326
0.167138
0.133796
0.145276
0.286462
0.201425
0.170847
0.125842
0.173947
0.097404
0.217227
0.074916
0.150704
0.125968
0.102347
0.17501
0.140905
0.133676
0.142365
0.124205
0.143838
0.116178
0.139898
0.124885
0.128242
0.127721
0.143549
0.141649
0.121145
0.107003
0.171093
0.094665
0.202041
0.103369
0.137525
0.12078
0.130276
0.127204
0.069884
0.215354
0.148058
0.114268
0.157057
0.212069
0.140536
0.127635
0.192217
0.134023
0.124273
0.130351
0.137623
0.162055
0.075974
0.111785
0.1224
0.145423
0.199206
0.133504
0.146619
0.147214
0.087536
0.113412
0.141402
0.150956
0.120507
0.12268
0.106604
0.052441
0.131523
0.136669
0.17993
0.129601
0.190849
0.097397
0.107403
0.161948
0.071157
0.183622
0.149205
0.15293
0.180525
0.143386
0.120595
0.21258
0.166975
0.10305
0.181877
0.145731
0.149271
0.111289
0.158115
0.14965
0.145983
0.157363
0.156427
0.126479
0.165985
0.123334
0.162574
0.143298
0.156809
0.137905
0.142494
0.124767
0.203221
0.19553
0.232627
0.174631
0.157999
0.056244
0.130636
0.13199
0.110966
0.067109
0.123813
0.184445
0.141075
0.169116
0.086942
0.165737
0.133856
0.109262
0.215272
0.188261
0.148432
0.059067
0.138916
0.143059
0.167662
0.179497
0.143656
0.132217
0.179013
0.097105
0.069472
0.159904
0.135442
0.172895
0.137009
0.205813
0.144893
0.192976
0.197006
0.085366
0.109335
0.082019
0.118358
0.182797
0.21176
0.205611
0.07801
0.165412
0.114921
0.073479
0.184226
0.168304
0.171596
0.187507
0.125156
0.127086
0.20003
0.101897
0.17083
0.12601
0.142341
0.165323
0.148403
0.138041
0.162971
0.190666
0.139516
0.27095
0.165906
0.16464
0.170188
0.212871
0.182402
0.149951
0.158208
0.193383
0.138845
0.217003
0.169622
0.209363
0.11114
0.17139
0.149558
0.193345
0.157296
0.088752
0.150537
0.186605
0.13904
0.080293
0.190922
0.137902
0.250304
0.17962
0.112347
0.152975
0.118655
0.141221
0.143165
0.183287
0.287117
0.196579
0.128077
0.144807
0.126669
0.130852
0.185573
0.167839
0.120959
0.11582
0.121391
0.226473
0.166393
0.194587
0.112217
0.123348
0.178761
0.135888
0.141978
0.152233
0.128021
0.209409
0.13739
0.184197
0.222541
0.149385
0.186604
0.142834
0.137702
0.166948
0.133399
0.183062
0.26309
0.208723
0.118488
0.169981
0.167199
0.167415
0.138196
0.136017
0.118071
0.172791
0.126695
0.237615
0.213284
0.215147
0.144655
0.17302
0.144545
0.148239
0.151956
0.129875
0.207333
0.098658
0.128605
0.177783
0.118478
0.083265
0.144235
0.148429
0.138619
0.095566
0.145034
0.153572
0.170792
0.127174
0.090743
0.212544
0.202593
0.129733
0.176465
0.22484
0.140474
0.156338
0.082529
0.143423
0.132503
0.130534
0.166016
0.14957
0.139303
0.128272
0.13895
0.158341
0.110155
0.159198
0.131425
0.16012
0.12879
0.169254
0.174791
0.183672
0.15348
0.212413
0.250101
0.125694
0.180651
0.178169
0.171507
0.162009
0.208558
0.152158
0.174335
0.156714
0.198278
0.128522
0.173529
0.111576
0.112538
0.121352
0.24405
0.132187
0.175735
0.172591
0.124881
0.120414
0.182702
0.206118
0.107879
0.22955
0.233276
0.139288
0.102736
0.196484
0.173623
0.120376
0.177447
0.145562
0.10983
0.193897
0.161527
0.13718
0.158775
0.144823
0.240072
0.150081
0.136672
0.261339
0.139171
0.134315
0.137368
0.127848
0.218205
0.219734
0.156192
0.177049
0.213723
0.157131
0.233132
0.173786
0.263282
0.190496
0.137165
0.118862
0.150806
0.167037
0.147533
0.169837
0.119804
0.244076
0.203991
0.122847
0.186059
0.168207
0.166536
0.139331
0.186631
0.133267
0.154399
0.190989
0.171096
0.289564
0.150693
0.136448
0.123867
0.174456
0.1379
0.115398
0.165576
0.163373
0.153031
0.143028
0.205963
0.123192
0.12392
0.093546
0.128207
0.198834
0.128605
0.116365
0.141635
0.141515
0.128821
0.151717
0.186706
0.178948
0.161239
0.139041
0.154396
0.126121
0.171048
0.167609
0.150757
0.170482
0.155818
0.134773
0.148166
0.128997
0.15263
0.177618
0.201949
0.108343
0.123796
0.202547
0.124623
0.119217
0.169977
0.193046
0.141073
0.186947
0.209545
0.191674
0.151245
0.161591
0.190172
0.148291
0.136252
0.168974
0.140966
0.225786
0.205802
0.138825
0.16427
0.202714
0.187233
0.169564
0.078837
0.121075
0.070955
0.162987
0.194656
0.21436
0.171994
0.15482
0.21515
0.198578
0.183889
0.174276
0.205186
0.185063
0.175445
0.17031
0.294622
0.166127
0.174315
0.147806
0.11274
0.117299
0.175239
0.207051
0.23575
0.193325
0.146189
0.123286
0.248217
0.152203
0.178385
0.158754
0.15397
0.209752
0.214286
0.201782
0.181136
0.159388
0.18964
0.202847
0.208238
0.220612
0.149587
0.178973
0.138901
0.208836
0.163
0.126122
0.129597
0.182252
0.13177
0.188483
0.141632
0.125496
0.137624
0.175089
0.137551
0.13242
0.146923
0.128119
0.170564
0.166219
0.132383
0.114672
0.118983
0.151736
0.195172
0.112554
0.207388
0.12172
0.141709
0.225214
0.143311
0.164705
0.137691
0.208836
0.097323
0.11533
0.117617
0.192062
0.217266
0.17121
0.164116
0.198711
0.223105
0.14761
0.171058
0.149292
0.219767
0.251767
0.203455
0.133832
0.15433
0.138957
0.175121
0.153351
0.181215
0.271326
0.141525
0.26363
0.158007
0.159406
0.149704
0.141398
0.138978
0.151829
0.188456
0.184425
0.181033
0.126972
0.164134
0.150964
0.122654
0.218133
0.215935
0.125226
0.172506
0.171618
0.159981
0.205072
0.166667
0.148812
0.080635
0.126832
0.179665
0.197849
0.131052
0.17308
0.202715
0.165023
0.181858
0.154171
0.160682
0.226962
0.164418
0.230163
0.272311
0.176177
0.200541
0.149361
0.131272
0.179265
0.200763
0.169938
0.147887
0.132472
0.160658
0.197207
0.193817
0.145598
0.152684
0.124427
0.188696
0.16273
0.158642
0.144786
0.225343
0.222676
0.207877
0.18026
0.199041
0.147105
0.147329
0.105393
0.230227
