0.004943
0.00886
0.011238
0.009591
0.016796
0.025341
0.010169
0.00426
0.016877
0.020592
0.018458
0.007073
0.013317
0.008495
0.010516
0.020524
0.017088
0.001912
0.005324
0.018055
0.011644
0.011759
0.013093
0.013942
0.013457
0.013307
0.014115
0.00887
0.009794
0.010149
0.016805
0.005769
0.017895
0.007377
0.00666
0.016845
0.020656
0.008922
0.023266
0.006945
0.006271
0.00178
0.009675
0.014996
0.0269
0.025334
0.017888
0.01528
0.01178
0.011014
0.008491
0.001923
0.018621
0.014527
0.00705
0.01118
0.005995
0.015264
0.015756
0.005543
0.012309
0.018469
0.007827
0.010617
0.016925
0.006542
0.011732
0.005516
0.010648
0.006229
0.009058
0.010633
0.009505
0.007449
0.025157
0.018364
0.012958
0.012117
0.012732
0.016715
0.01926
0.004741
0.015768
0.021231
0.014491
0.018289
0.0126
0.014144
0.010211
0.007009
0.006289
0.020289
0.0214
0.007743
0.023012
0.007044
0.019662
0.015477
0.014392
0.013681
0.003834
0.008519
0.010677
0.012377
0.014971
0.011145
0.019857
0.039545
0.011666
0.015399
0.010759
0.010355
0.01621
0.015947
0.004941
0.018494
0.012659
0.01597
0.006384
0.0089
0.011041
0.010319
0.002655
0.015974
0.012323
0.013711
0.002276
0.025417
0.005108
0.015953
0.020392
0.011602
0.015697
0.014334
0.014141
0.012369
0.007216
0.003131
0.01097
0.006064
0.005474
0.033203
0.015328
0.004925
0.016419
0.010963
0.015235
0.01328
0.021388
0.006861
0.013499
0.009984
0.006828
0.015169
0.001293
0.01838
0.017625
0.008796
0.01966
0.012586
0.010561
0.020537
0.011822
0.013919
0.008487
0.007475
0.013029
0.002841
0.010721
0.021423
0.009512
0.006227
0.007913
0.013852
0.016814
0.023925
0.008616
0.008118
0.009886
0.024954
0.015385
0.015395
0.021847
0.019674
0.001555
0.007571
0.003762
0.011294
0.012846
0.016612
0.014649
0.011638
0.006962
0.007996
0.003039
0.007607
0.006207
0.010762
0.016307
0.015605
0.00269
0.013822
0.023475
0.008612
0.013133
0.013177
0.013929
0.01489
0.005016
0.008561
0.009138
0.013741
0.002958
0.01115
0.017905
0.004635
0.015664
0.014915
0.012509
0.011683
0.014038
0.02353
0.006683
0.02174
0.006758
0.027494
0.011899
0.00652
0.007377
0.006297
0.00817
0.010461
0.011323
0.018614
0.010199
0.014198
0.006729
0.012219
0.014884
0.012404
0.030681
0.01339
0.012411
0.01755
0.002554
0.011374
0.017348
0.008192
0.007125
0.001847
0.025491
0.012093
0.006529
0.005795
0.008139
0.008449
0.017406
0.00707
0.006945
0.005277
0.011526
0.012917
0.002337
0.020155
0.018443
0.010963
0.010005
0.0104
0.009868
0.022989
0.014959
0.018043
0.009666
0.007903
0.010292
0.013358
0.00655
0.012448
0.004549
0.017696
0.018085
0.020703
0.006808
0.01876
0.003102
0.044183
0.011296
0.002232
0.007981
0.015616
0.007208
0.002829
0.010191
0.020543
0.013314
0.007263
0.005041
0.014278
0.015122
0.007311
0.035918
0.015574
0.012566
0.008261
0.011222
0.01546
0.014394
0.007328
0.017249
0.018118
0.016132
0.002643
0.009919
0.009918
0.010879
0.009988
0.017173
0.029078
0.005214
0.016689
0.009678
0.018346
0.014361
0.012111
0.020282
0.001767
0.00958
0.009539
0.015899
0.031725
0.012479
0.007341
0.009404
0.02118
0.021733
0.020043
0.023181
0.021658
0.00659
0.010801
0.003359
0.009898
0.007888
0.027158
0.010039
0.001938
0.010934
0.008257
0.018121
0.014399
0.014141
0.003836
0.014827
0.016122
0.014879
0.017656
0.006754
0.00648
0.014484
0.006444
0.011077
0.009451
0.009742
0.009385
0.009461
0.022116
0.014183
0.01595
0.01477
0.0132
0.006862
0.004967
0.00782
0.009649
0.0121
0.010997
0.006679
0.014601
0.008507
0.015419
0.013047
0.005103
0.011976
0.010086
0.002723
0.006128
0.011049
0.005298
0.016953
0.002693
0.010197
0.010163
0.012032
0.007424
0.014086
0.010693
0.001529
0.013008
0.01194
0.003822
0.010722
0.004592
0.008362
0.011116
0.018084
0.007741
0.020312
0.002062
0.011492
0.015747
0.00878
0.030054
0.015151
0.021976
0.016937
0.002459
0.008764
0.00744
0.008413
0.01844
0.001914
0.022651
0.015937
0.018334
0.016693
0.01867
0.00917
0.002074
0.010216
0.018376
0.014501
0.012014
0.002264
0.014952
0.020608
0.014856
0.014019
0.007635
0.021133
0.007982
0.013919
0.010658
0.008305
0.006819
0.01426
0.006691
0.012362
0.017053
0.010904
0.022021
0.007699
0.008497
0.021799
0.008944
0.028301
0.014831
0.015234
0.026435
0.020734
0.014582
0.009683
0.004321
0.011662
0.004415
0.004684
0.010585
0.01436
0.005726
0.015082
0.010778
0.006322
0.02107
0.009761
0.018712
0.016507
0.015112
0.002575
0.018286
0.003262
0.010018
0.005597
0.020844
0.024216
0.016475
0.011401
0.006881
0.009915
0.009792
0.020605
0.002415
0.014604
0.014095
0.002123
0.001655
0.011802
0.008648
0.010793
0.009033
0.019147
0.01418
0.002681
0.020478
0.012915
0.00887
0.002043
0.012654
0.007363
0.015956
0.009396
0.016843
0.00836
0.012453
0.016038
0.013092
0.012638
0.016812
0.011646
0.022238
0.022361
0.006026
0.001605
0.002484
0.00886
0.014081
0.014446
0.002019
0.006206
0.017004
0.015744
0.020811
0.01581
0.019358
0.011817
0.009802
0.010354
0.021444
0.030126
0.01646
0.019476
0.009216
0.008196
0.017954
0.00774
0.011055
0.035331
0.013575
0.00432
0.019531
0.004393
0.016837
0.001936
0.013572
0.015482
0.016718
0.02542
0.005064
0.001745
0.00133
0.020888
0.014169
0.010371
0.029819
0.015045
0.014956
0.019703
0.012655
0.016057
0.011441
0.009605
0.009391
0.017901
0.014889
0.003633
0.007477
0.009556
0.016777
0.009606
0.012435
0.019684
0.011627
0.01265
0.027239
0.03426
0.013508
0.001913
0.01072
0.006212
0.011881
0.013392
0.018282
0.007794
0.002389
0.020109
0.011128
0.016498
0.009823
0.010281
0.018837
0.004295
0.021208
0.007572
0.009435
0.002266
0.002602
0.005128
0.008368
0.002892
0.013451
0.010019
0.002558
0.022821
0.008652
0.002896
0.009181
0.010742
0.008494
0.002213
0.01302
0.013698
0.00583
0.004464
0.006676
0.01817
0.018846
0.007334
0.006794
0.005603
0.007474
0.017492
0.00182
0.009395
0.006889
0.007804
0.021232
0.004611
0.012853
0.004813
0.010313
0.011624
0.01071
0.020032
0.013982
0.001679
0.012186
0.001931
0.018831
0.001747
0.034388
0.012694
0.008606
0.018764
0.008421
0.004499
0.017464
0.006485
0.007421
0.020911
0.010258
0.012025
0.011962
0.016531
0.002353
0.002925
0.009788
0.002432
0.006077
0.011633
0.013026
0.013722
0.015355
0.003365
0.016068
0.0084
0.011136
0.007254
0.012375
0.003167
0.010426
0.006426
0.01281
0.012069
0.015888
0.01816
0.002917
0.027913
0.014753
0.014781
0.008759
0.010212
0.023813
0.011094
0.001958
0.019926
0.023703
0.013807
0.004145
0.010453
0.011278
0.012303
0.007399
0.009436
0.019405
0.011286
0.013066
0.008648
0.017295
0.010988
0.026622
0.011575
0.012069
0.013257
0.009756
0.017288
0.008657
0.026056
0.036198
0.024621
0.024372
0.02013
0.013787
0.018337
0.003926
0.019624
0.014658
0.026485
0.006553
0.01286
0.010758
0.009522
0.016661
0.019939
0.00745
0.006708
0.017256
0.009966
0.003479
0.012008
0.015261
0.007671
0.014593
0.002418
0.02241
0.017494
0.011209
0.010401
0.012942
0.003191
0.025413
0.008009
0.015623
0.009155
0.010658
0.012315
0.011407
0.011384
0.00909
0.013123
0.010866
0.002638
0.010858
0.024662
0.009814
0.022213
0.00345
0.013595
0.001484
0.008722
0.017999
0.006248
0.023977
0.010093
0.005478
0.016997
0.011121
0.011266
0.014549
0.015917
0.010422
0.016502
0.011618
0.009813
0.015943
0.011349
0.012808
0.011348
0.005706
0.022973
0.03038
0.008175
0.002252
0.013951
0.001215
0.005411
0.014844
0.021502
0.012645
0.026475
0.022775
0.018601
0.001774
0.01626
0.010522
0.011909
0.021248
0.00922
0.015213
0.007341
0.015311
0.011492
0.021705
0.017386
0.013856
0.008268
0.010872
0.002403
0.009889
0.00381
0.016153
0.008483
0.011095
0.020105
0.007374
0.008258
0.020204
0.006648
0.007537
0.009522
0.001488
0.011403
0.010608
0.019163
0.007757
0.015328
0.002859
0.013221
0.021626
0.016467
0.016613
0.013849
0.029084
0.008553
0.005702
0.012412
0.023178
0.003397
0.010208
0.015423
0.019574
0.007773
0.005746
0.024097
0.010149
0.042292
0.016421
0.026223
0.021803
0.008979
0.010475
0.015055
0.009775
0.009993
0.012366
0.012698
0.013922
0.002703
0.004525
0.010578
0.008958
0.007171
0.013546
0.01083
0.020587
0.021565
0.013344
0.007145
0.017525
0.011733
0.008479
0.074685
0.023911
0.016761
0.005975
0.010217
0.008075
0.005896
0.01413
0.004103
0.01829
0.003567
0.009805
0.008556
0.026192
0.024814
0.001786
0.00929
0.011437
0.007725
0.027672
0.014843
0.0284
0.026384
0.009238
0.01014
0.017706
0.015478
0.019888
0.018426
0.01102
0.01275
0.026216
0.00902
0.010418
0.005795
0.005477
0.005353
0.01496
0.014477
0.009681
0.017561
0.013165
0.001581
0.010568
0.004341
0.005214
0.014408
0.013815
0.017268
0.026921
0.020605
0.010323
0.017853
0.00853
0.016987
0.017843
0.022822
0.011
0.010491
0.011433
0.010249
0.007825
0.016461
0.005976
0.022109
0.007601
0.006429
0.00888
0.01269
0.004861
0.002489
0.006345
0.012575
0.012816
0.012514
0.016592
0.010229
0.006758
0.018564
0.008518
0.011634
0.007597
0.009542
0.031606
0.011254
0.021938
0.013157
0.019885
0.007398
0.015303
0.009042
0.007791
0.017279
0.036252
0.011062
0.010561
0.001602
0.011313
0.009291
0.021495
0.017523
0.012066
0.002475
0.015395
0.002301
0.015951
0.012774
0.016311
0.015067
0.023611
0.010858
0.005052
0.005355
0.009534
0.001966
0.014342
0.01581
0.023891
0.003549
0.008
0.002628
0.005888
