0.002292
0.006758
0.020909
0.011791
0.002331
0.008572
0.007549
0.015896
0.013133
0.022734
0.019399
0.008083
0.028059
0.011832
0.005572
0.016061
0.005891
0.015747
0.020147
0.010033
0.011618
0.008865
0.013856
0.003404
0.010562
0.019827
0.026902
0.030003
0.014551
0.003605
0.007884
0.022812
0.002156
0.010601
0.017326
0.017204
0.007896
0.005437
0.021117
0.019667
0.001542
0.009936
0.036687
0.022199
0.008992
0.019758
0.018454
0.012506
0.006188
0.022607
0.010212
0.007751
0.012172
0.015525
0.011098
0.005126
0.006256
0.011078
0.001682
0.007243
0.027772
0.016004
0.010436
0.010668
0.019829
0.020369
0.011925
0.005626
0.010061
0.012336
0.005851
0.011612
0.011336
0.004369
0.010614
0.018625
0.006375
0.010055
0.01468
0.015125
0.017841
0.003794
0.002669
0.006324
0.013442
0.007622
0.020956
0.010484
0.006162
0.005047
0.001558
0.010155
0.013343
0.011639
0.001845
0.01288
0.006599
0.007893
0.009176
0.005841
0.00934
0.014593
0.00761
0.01254
0.00948
0.013451
0.009616
0.005656
0.017514
0.008802
0.017486
0.004821
0.010042
0.00208
0.026112
0.002946
0.009575
0.013611
0.010133
0.014584
0.01014
0.004332
0.010726
0.007944
0.008395
0.012072
0.006746
0.008713
0.025318
0.01586
0.006999
0.006275
0.013899
0.009176
0.009984
0.013742
0.015
0.023793
0.013709
0.006702
0.009501
0.005067
0.006735
0.004284
0.012281
0.021762
0.02017
0.017118
0.008928
0.011242
0.009799
0.007421
0.002763
0.010487
0.01083
0.013492
0.013941
0.006687
0.014031
0.008094
0.013912
0.006578
0.015388
0.018268
0.007116
0.01692
0.010596
0.007073
0.01608
0.028718
0.011195
0.002954
0.021473
0.006849
0.006293
0.008491
0.004927
0.008859
0.017041
0.005934
0.001604
0.02161
0.013372
0.004498
0.006112
0.015596
0.006954
0.012818
0.009385
0.013365
0.016766
0.009641
0.013668
0.009938
0.008428
0.002328
0.009354
0.011763
0.005685
0.017319
0.007826
0.020866
0.012461
0.014355
0.00554
0.002234
0.00726
0.010857
0.008977
0.00814
0.014484
0.012558
0.005783
0.010576
0.007344
0.013643
0.017156
0.011867
0.015248
0.01035
0.011741
0.003238
0.018559
0.010439
0.012508
0.012601
0.001596
0.033284
0.020503
0.015054
0.009392
0.006243
0.01263
0.011256
0.010258
0.015223
0.012643
0.01153
0.004542
0.018031
0.012132
0.007839
0.010948
0.011143
0.011691
0.005338
0.007915
0.021747
0.009642
0.011595
0.003695
0.017671
0.006853
0.008829
0.013825
0.006332
0.00846
0.005153
0.009758
0.01151
0.012794
0.005551
0.011327
0.009741
0.011865
0.007299
0.002336
0.007997
0.013181
0.011063
0.01282
0.009616
0.014653
0.009543
0.009009
0.012424
0.012233
0.007847
0.006123
0.009804
0.013573
0.013035
0.013049
0.009193
0.009318
0.006411
0.006889
0.013582
0.00882
0.018022
0.008971
0.024028
0.018456
0.008533
0.008442
0.010614
0.001629
0.011027
0.00184
0.010838
0.010746
0.01569
0.012715
0.009599
0.007384
0.010614
0.010107
0.001902
0.013717
0.008277
0.01544
0.009014
0.028316
0.011302
0.002431
0.010392
0.005524
0.008643
0.006599
0.005615
0.005738
0.018016
0.022393
0.009517
0.011709
0.016457
0.010238
0.014434
0.014034
0.003978
0.006154
0.017576
0.00838
0.006851
0.001633
0.011923
0.010125
0.005638
0.002689
0.003758
0.007643
0.012657
0.013833
0.011106
0.011497
0.003372
0.00194
0.009579
0.014148
0.014532
0.03429
0.021325
0.003288
0.013572
0.017164
0.006118
0.008649
0.01148
0.011742
0.010519
0.006108
0.017788
0.015741
0.018182
0.01345
0.013294
0.013162
0.008782
0.00993
0.007609
0.00956
0.016128
0.007572
0.01792
0.008409
0.002826
0.010716
0.010971
0.017729
0.00896
0.003178
0.012509
0.008419
0.01253
0.008511
0.007467
0.008486
0.009175
0.010936
0.025824
0.004357
0.00977
0.006893
0.015599
0.009017
0.018851
0.017174
0.0095
0.001659
0.00176
0.016214
0.008852
0.011888
0.021744
0.024427
0.010019
0.008758
0.004267
0.005986
0.005565
0.010968
0.016684
0.00713
0.008302
0.007067
0.017749
0.005176
0.008751
0.009911
0.001563
0.013239
0.010997
0.012174
0.013074
0.007181
0.001486
0.002873
0.022086
0.009924
0.015565
0.006104
0.005125
0.01844
0.011178
0.013397
0.00512
0.008529
0.014911
0.010971
0.010543
0.016231
0.024122
0.009802
0.017786
0.016192
0.010458
0.011805
0.009937
0.017533
0.010158
0.013538
0.007873
0.010599
0.001371
0.005015
0.007286
0.008097
0.015212
0.028863
0.007629
0.022543
0.003409
0.01428
0.002721
0.015815
0.008318
0.02318
0.005322
0.004016
0.008514
0.011084
0.011266
0.010804
0.016863
0.014535
0.004565
0.009841
0.005622
0.011571
0.007957
0.012734
0.013952
0.011261
0.00956
0.007659
0.004115
0.019235
0.009383
0.01408
0.030819
0.002754
0.023987
0.011563
0.013337
0.003623
0.022356
0.011659
0.007041
0.001935
0.010627
0.023939
0.014815
0.007668
0.006404
0.022481
0.020411
0.016466
0.002393
0.01875
0.021901
0.007347
0.017404
0.009256
0.018205
0.0145
0.015387
0.00938
0.01086
0.012274
0.002405
0.0153
0.012457
0.011127
0.017937
0.009396
0.007362
0.006847
0.008309
0.006389
0.008135
0.015592
0.016503
0.011108
0.014609
0.015835
0.014344
0.00846
0.006628
0.013212
0.003876
0.011271
0.011877
0.008811
0.010586
0.013474
0.00889
0.011474
0.012838
0.020758
0.008675
0.025716
0.018348
0.001906
0.003997
0.009073
0.001969
0.006573
0.011625
0.006522
0.014923
0.001616
0.005625
0.012128
0.007253
0.006762
0.00617
0.010917
0.001649
0.019058
0.006811
0.015521
0.007527
0.009765
0.004126
0.017463
0.007393
0.003478
0.016223
0.009018
0.007778
0.00848
0.015067
0.009707
0.015313
0.003078
0.014979
0.01497
0.011372
0.007812
0.002426
0.006931
0.006343
0.011444
0.040276
0.016856
0.014431
0.011599
0.009633
0.015606
0.009788
0.007464
0.020256
0.010025
0.007351
0.007171
0.009609
0.014588
0.00992
0.016267
0.008762
0.007232
0.011639
0.005811
0.009755
0.015305
0.014774
0.005166
0.00879
0.003032
0.006973
0.005249
0.009031
0.017615
0.013272
0.001489
0.007976
0.012925
0.027613
0.014382
0.014931
0.00326
0.012301
0.001911
0.021053
0.00953
0.029488
0.013568
0.004331
0.004418
0.001887
0.002244
0.014659
0.010361
0.008174
0.011093
0.001838
0.001716
0.006479
0.013057
0.007379
0.007303
0.009212
0.009785
0.009137
0.002834
0.022689
0.011645
0.006974
0.007414
0.008767
0.009141
0.0018
0.025264
0.008714
0.002535
0.007937
0.007672
0.003844
0.057565
0.009689
0.037479
0.006971
0.016181
0.025045
0.040079
0.01468
0.032175
0.024832
0.036667
0.009706
0.009812
0.009565
0.010689
0.009453
0.020428
0.017952
0.008519
0.012724
0.017252
0.036837
0.022891
0.008889
0.008982
0.024394
0.0062
0.025303
0.013148
0.017718
0.020696
0.011547
0.023647
0.014169
0.009352
0.007321
0.014075
0.0111
0.002688
0.011014
0.012743
0.00179
0.01536
0.015
0.00272
0.047757
0.011446
0.005137
0.007525
0.012802
0.007474
0.010425
0.012359
0.003805
0.014931
0.010086
0.002338
0.008601
0.011153
0.002695
0.013611
0.003216
0.014754
0.009868
0.011727
0.005637
0.019751
0.018748
0.011286
0.013638
0.018874
0.00919
0.001965
0.00956
0.001741
0.004153
0.016239
0.018748
0.007474
0.013985
0.011224
0.005389
0.010784
0.022749
0.016045
0.014124
0.010911
0.015498
0.018627
0.015314
0.007933
0.001822
0.00185
0.015006
0.009127
0.019571
0.008854
0.01885
0.021199
0.018581
0.016333
0.013677
0.0156
0.01657
0.018382
0.006838
0.008255
0.017388
0.019222
0.003782
0.01203
0.013373
0.014276
0.011598
0.00524
0.016242
0.021785
0.016939
0.008106
0.006249
0.002559
0.006085
0.012359
0.011141
0.009985
0.012843
0.009833
0.003077
0.001949
0.015317
0.002674
0.001964
0.022137
0.017877
0.025998
0.04031
0.009352
0.012731
0.003505
0.009199
0.007251
0.008832
0.012763
0.01203
0.004653
0.02411
0.01103
0.015267
0.00806
0.019063
0.017596
0.021213
0.009022
0.015611
0.005324
0.017395
0.012373
0.016765
0.009399
0.026892
0.011275
0.014632
0.009681
0.009271
0.026409
0.007689
0.011216
0.018429
0.017878
0.019982
0.002843
0.006943
0.008191
0.010057
0.009283
0.006892
0.010981
0.014229
0.00386
0.020134
0.008479
0.003977
0.019242
0.021338
0.004253
0.002645
0.016528
0.011402
0.005971
0.010741
0.017516
0.008149
0.01056
0.008131
0.03064
0.007523
0.005102
0.013275
0.014456
0.018485
0.005118
0.003331
0.013931
0.017632
0.014376
0.015901
0.001975
0.031986
0.015121
0.010473
0.008409
0.008235
0.009126
0.007211
0.007546
0.017799
0.010984
0.014311
0.008927
0.011114
0.014279
0.009961
0.006806
0.009927
0.00691
0.013818
0.002908
0.015992
0.006717
0.004755
0.007645
0.008385
0.011235
0.013492
0.002923
0.013524
0.00731
0.012747
0.005683
0.012106
0.007754
0.019494
0.006602
0.010369
0.012919
0.012649
0.018916
0.012475
0.018076
0.00762
0.014443
0.003577
0.017404
0.009256
0.002331
0.009308
0.008308
0.014002
0.011681
0.008818
0.009746
0.004467
0.011033
0.009377
0.002832
0.01384
0.011227
0.004583
0.005271
0.018475
0.010987
0.008994
0.015566
0.016315
0.02106
0.010046
0.018912
0.030937
0.021692
0.024282
0.013918
0.002639
0.018301
0.010209
0.00643
0.031919
0.013031
0.007495
0.016171
0.011192
0.031694
0.029404
0.038898
0.008267
0.01332
0.016718
0.013082
0.014705
0.024538
0.020227
0.020138
0.019683
0.011826
0.006424
0.010371
0.023979
0.016896
0.018277
0.004718
0.013519
0.005029
0.015415
0.01966
0.010916
0.018723
0.016144
0.012643
0.007263
0.006001
0.02914
0.012834
0.005513
0.012877
0.019861
0.018424
0.01603
0.009379
0.011214
0.022085
0.011537
0.009593
0.012509
