0.011223
0.00562
0.010968
0.020734
0.02107
0.011788
0.01076
0.034237
0.048142
0.025926
0.017591
0.016527
0.033969
0.023697
0.023431
0.024192
0.005492
0.02251
0.05579
0.029536
0.018471
0.010345
0.025489
0.017455
0.004917
0.017187
0.006234
0.00795
0.016523
0.004761
0.0229
0.005091
0.012443
0.012221
0.013116
0.032425
0.011863
0.024661
0.007264
0.01938
0.009262
0.020457
0.00493
0.021379
0.01937
0.004503
0.001785
0.004056
0.009841
0.012191
0.007291
0.022505
0.012581
0.017881
0.002934
0.007478
0.003601
0.01111
0.01604
0.002364
0.018022
0.01496
0.013136
0.001762
0.006175
0.016478
0.012338
0.012025
0.012692
0.012984
0.008469
0.018503
0.0068
0.017425
0.01378
0.013191
0.004188
0.021471
0.009258
0.018633
0.019023
0.020994
0.019227
0.004767
0.009036
0.002535
0.016373
0.011683
0.012702
0.001393
0.006887
0.00569
0.00314
0.004095
0.011415
0.0015
0.01987
0.008313
0.009718
0.010171
0.014402
0.0066
0.010805
0.016051
0.013306
0.009853
0.006842
0.011533
0.007939
0.007435
0.007122
0.002976
0.01799
0.021259
0.013455
0.011988
0.010837
0.015316
0.011235
0.017743
0.019885
0.013576
0.007971
0.007479
0.008722
0.012427
0.012724
0.026667
0.007056
0.03169
0.003727
0.008929
0.041007
0.015118
0.009093
0.021524
0.012213
0.014035
0.012034
0.023809
0.009035
0.009956
0.00646
0.01278
0.006744
0.018058
0.00665
0.001451
0.011449
0.007475
0.010953
0.01466
0.013916
0.019358
0.008367
0.011446
0.007719
0.014699
0.012678
0.011982
0.007961
0.006297
0.008292
0.011152
0.008225
0.008305
0.007465
0.014588
0.012341
0.014239
0.010613
0.003125
0.016394
0.005457
0.009355
0.001584
0.012583
0.013529
0.016859
0.013578
0.018169
0.013898
0.016441
0.009545
0.01514
0.011632
0.007997
0.009672
0.015193
0.01147
0.00716
0.016751
0.010156
0.015973
0.001641
0.006507
0.018058
0.014971
0.009267
0.008633
0.016349
0.014843
0.015999
0.014076
0.008764
0.006495
0.001571
0.012003
0.008375
0.016294
0.010513
0.010242
0.014863
0.009567
0.010869
0.025194
0.009302
0.011814
0.011134
0.007549
0.011475
0.014831
0.010732
0.020785
0.002153
0.007538
0.009142
0.003901
0.013363
0.001887
0.045299
0.021505
0.002103
0.009445
0.010663
0.008462
0.002536
0.009493
0.015207
0.007921
0.007638
0.009171
0.011316
0.008873
0.016393
0.015599
0.008737
0.012413
0.009628
0.011322
0.006214
0.010408
0.011192
0.018275
0.018806
0.003289
0.013066
0.014874
0.021851
0.014915
0.014276
0.018607
0.015138
0.011866
0.001704
0.008734
0.012772
0.012461
0.006577
0.010556
0.005748
0.010482
0.0061
0.015662
0.010986
0.013809
0.011
0.023509
0.00766
0.006777
0.010106
0.004661
0.021469
0.008137
0.013178
0.016334
0.006926
0.016492
0.019035
0.012805
0.019909
0.004429
0.017442
0.009845
0.003893
0.017765
0.017346
0.015832
0.011526
0.006653
0.008441
0.013209
0.020446
0.011672
0.014332
0.012661
0.006126
0.008571
0.008382
0.022645
0.007679
0.013728
0.020493
0.018871
0.025872
0.018194
0.004792
0.00982
0.016593
0.010794
0.019066
0.015123
0.009028
0.00898
0.001502
0.012371
0.00854
0.012099
0.012717
0.011351
0.016401
0.014609
0.016354
0.009952
0.013801
0.015414
0.014187
0.020102
0.009236
0.004971
0.008595
0.008415
0.011639
0.008204
0.011786
0.02069
0.013414
0.005693
0.013869
0.014999
0.009128
0.011642
0.020025
0.009648
0.01169
0.011069
0.003191
0.012835
0.006861
0.006178
0.013584
0.017211
0.019356
0.006996
0.020326
0.007419
0.010675
0.00763
0.009835
0.013534
0.016081
0.011877
0.013457
0.011234
0.014022
0.018758
0.011189
0.015586
0.01243
0.017289
0.015968
0.008228
0.011935
0.013973
0.005617
0.003786
0.008807
0.01474
0.016979
0.002318
0.022326
0.002938
0.012965
0.011583
0.028634
0.003513
0.006096
0.025207
0.021867
0.016114
0.006225
0.009527
0.009197
0.01505
0.011394
0.013376
0.009748
0.01146
0.001644
0.012698
0.007919
0.013673
0.010528
0.012167
0.021042
0.010371
0.011035
0.001723
0.012312
0.012617
0.011453
0.010255
0.008822
0.018294
0.011708
0.010495
0.007971
0.006491
0.010932
0.017458
0.011634
0.020693
0.012136
0.003133
0.010269
0.027035
0.002452
0.012494
0.012201
0.017588
0.00897
0.011195
0.008718
0.005057
0.00363
0.010007
0.009636
0.011189
0.002464
0.011988
0.036967
0.012283
0.013266
0.00793
0.016691
0.010777
0.018781
0.00156
0.047929
0.024996
0.009918
0.012585
0.012595
0.00647
0.008854
0.017974
0.002884
0.004017
0.002967
0.010091
0.005061
0.016446
0.012785
0.010946
0.009622
0.006101
0.017191
0.010363
0.032237
0.020836
0.01437
0.016744
0.015127
0.013924
0.008543
0.006972
0.010883
0.008704
0.015679
0.008389
0.009853
0.00811
0.013486
0.017308
0.00903
0.01159
0.010992
0.007776
0.008602
0.01394
0.01895
0.002013
0.008304
0.012569
0.02021
0.00951
0.008932
0.010893
0.005476
0.007602
0.011906
0.010923
0.009493
0.011245
0.00928
0.012506
0.011108
0.008612
0.004192
0.008452
0.009094
0.019286
0.01027
0.001551
0.003658
0.008584
0.010171
0.009159
0.014983
0.013005
0.008965
0.001807
0.00563
0.012805
0.018808
0.008617
0.01479
0.009722
0.005572
0.012279
0.01222
0.012934
0.008011
0.014442
0.009093
0.01713
0.005671
0.010404
0.0119
0.012509
0.008293
0.008791
0.012685
0.007867
0.009742
0.010205
0.013625
0.015658
0.023037
0.005988
0.014461
0.008245
0.009753
0.010268
0.020012
0.01485
0.013146
0.009627
0.016579
0.010393
0.009127
0.011493
0.02501
0.001817
0.011408
0.011819
0.009044
0.006748
0.010119
0.013111
0.008249
0.00672
0.013235
0.015375
0.015765
0.0053
0.0146
0.002354
0.009688
0.014064
0.011063
0.009638
0.009509
0.011327
0.012312
0.004571
0.010016
0.002873
0.008386
0.011212
0.005861
0.002536
0.015347
0.011293
0.012803
0.010752
0.01638
0.010986
0.016433
0.01177
0.00915
0.009756
0.00677
0.028809
0.012813
0.013854
0.006778
0.007496
0.012575
0.008919
0.014569
0.023602
0.022206
0.011336
0.0141
0.030689
0.016497
0.017171
0.018818
0.012964
0.011584
0.011145
0.020741
0.006451
0.00886
0.002396
0.017304
0.010883
0.009968
0.009283
0.015464
0.009008
0.013548
0.009817
0.009416
0.007733
0.013836
0.019128
0.009304
0.014135
0.012876
0.002644
0.006872
0.009149
0.011151
0.013358
0.002423
0.012168
0.015112
0.009467
0.017708
0.00843
0.011631
0.009663
0.006377
0.009177
0.011494
0.013663
0.011517
0.009017
0.00712
0.008979
0.008494
0.010172
0.014205
0.010382
0.018058
0.011994
0.011988
0.013181
0.001991
0.014537
0.023257
0.008935
0.043245
0.00169
0.02222
0.015402
0.010784
0.007407
0.012108
0.008051
0.017687
0.003078
0.015518
0.00681
0.00546
0.018629
0.011782
0.011159
0.021718
0.013588
0.008887
0.012141
0.01055
0.012117
0.012252
0.010922
0.015891
0.004621
0.013909
0.012384
0.017519
0.009898
0.008701
0.01931
0.015498
0.015597
0.006812
0.009009
0.004254
0.012786
0.014403
0.013444
0.016439
0.012025
0.010568
0.022931
0.001987
0.011697
0.00439
0.003208
0.00967
0.012273
0.018271
0.022578
0.051591
0.014673
0.00584
0.006425
0.005833
0.015631
0.017655
0.014868
0.031802
0.004551
0.02
0.01359
0.017052
0.010407
0.004382
0.012217
0.012778
0.005259
0.010478
0.014166
0.001646
0.008697
0.001545
0.011411
0.017223
0.007447
0.006285
0.015563
0.008563
0.007522
0.008539
0.009708
0.015951
0.02168
0.004005
0.002892
0.00372
0.009229
0.012926
0.019315
0.012513
0.013125
0.016605
0.016642
0.002116
0.028035
0.017184
0.010662
0.007906
0.014731
0.01642
0.028275
0.005042
0.018315
0.010985
0.011952
0.01136
0.01203
0.010798
0.005174
0.015994
0.012478
0.002448
0.004282
0.009414
0.006354
0.013969
0.016477
0.015371
0.002702
0.030287
0.023639
0.009901
0.015514
0.020785
0.017382
0.017746
0.012596
0.008038
0.007466
0.019275
0.014872
0.019625
0.003947
0.014602
0.012524
0.015014
0.002863
0.014683
0.013361
0.01168
0.01812
0.008479
0.008159
0.007841
0.00976
0.016244
0.013371
0.001779
0.012239
0.025121
0.016068
0.021291
0.020901
0.01578
0.009044
0.01212
0.006068
0.015694
0.008068
0.007998
0.00819
0.007316
0.014931
0.008554
0.013634
0.009128
0.016695
0.009161
0.008313
0.015438
0.007886
0.002167
0.011696
0.014917
0.001894
0.015649
0.01326
0.012279
0.011151
0.010166
0.014541
0.016876
0.012128
0.0073
0.013474
0.015432
0.012912
0.015002
0.013163
0.002035
0.012994
0.009676
0.022121
0.013948
0.014481
0.01205
0.014218
0.019525
0.029469
0.01464
0.003492
0.018471
0.020487
0.003717
0.011122
0.02022
0.01022
0.012333
0.040425
0.015215
0.013733
0.005094
0.018482
0.015623
0.008507
0.016264
0.012928
0.017791
0.016148
0.015344
0.003533
0.012489
0.00776
0.018521
0.006866
0.00252
0.009079
0.016354
0.010458
0.004359
0.012117
0.014165
0.017677
0.001718
0.013486
0.018937
0.01131
0.019932
0.001863
0.012725
0.025097
0.018207
0.032966
0.009994
0.002662
0.02193
0.002874
0.027449
0.00776
0.009045
0.026164
0.004173
0.016908
0.015268
0.007031
0.010394
0.015409
0.008101
0.014817
0.005824
0.015295
0.027473
0.021704
0.01443
0.005356
0.007658
0.01431
0.001501
0.016305
0.020213
0.014097
0.005009
0.022886
0.0132
0.009126
0.006937
0.016443
0.004476
0.01577
0.019955
0.047405
0.014886
0.01553
0.011886
0.004083
0.004748
0.007041
0.019929
0.031963
0.021546
0.0168
0.00176
0.017158
0.005011
0.012009
0.014445
0.013319
0.005446
0.006449
0.01726
0.006625
0.010443
0.009959
0.011364
0.005827
0.02075
0.008859
0.003434
0.002019
0.009676
0.012506
0.010245
0.002713
