0.004966
0.011348
0.004632
0.006195
0.001833
0.021423
0.021503
0.002815
0.022414
0.013909
0.00715
0.016803
0.01513
0.016584
0.026309
0.021742
0.012715
0.005219
0.027447
0.009212
0.015185
0.002371
0.007099
0.026986
0.019389
0.03336
0.021033
0.010454
0.012183
0.015169
0.014519
0.024437
0.00703
0.021525
0.016691
0.010378
0.009172
0.007954
0.00801
0.011931
0.008629
0.012818
0.019316
0.01497
0.010055
0.003109
0.00815
0.016566
0.010414
0.010734
0.012556
0.017507
0.014606
0.015304
0.008316
0.013402
0.01644
0.014094
0.013508
0.01524
0.010745
0.016326
0.01589
0.017312
0.003681
0.015743
0.020816
0.026207
0.012296
0.020171
0.031419
0.018211
0.019481
0.021854
0.003836
0.020739
0.01137
0.016506
0.013912
0.007579
0.009373
0.012116
0.007393
0.012505
0.015634
0.010291
0.009086
0.019707
0.009633
0.01837
0.009176
0.011663
0.009713
0.007029
0.009229
0.005628
0.018049
0.006582
0.0228
0.014207
0.015452
0.02759
0.020344
0.013369
0.008502
0.009012
0.023037
0.006621
0.012207
0.014806
0.009519
0.008401
0.011347
0.006676
0.02665
0.007113
0.020331
0.010667
0.024785
0.001747
0.016694
0.01677
0.007445
0.012847
0.019374
0.016063
0.007412
0.009857
0.004626
0.006484
0.016543
0.010338
0.015588
0.008833
0.014453
0.013882
0.019077
0.009221
0.02148
0.014687
0.022635
0.023851
0.007521
0.027666
0.039771
0.017131
0.006106
0.024637
0.02768
0.027509
0.012075
0.001634
0.002368
0.013579
0.016923
0.01828
0.010253
0.021386
0.003125
0.002307
0.016553
0.006838
0.002696
0.003395
0.01141
0.003596
0.007089
0.014398
0.009133
0.007506
0.016973
0.00855
0.005996
0.008813
0.002211
0.014213
0.012023
0.020098
0.017254
0.011111
0.020403
0.010853
0.013649
0.01481
0.016449
0.013392
0.003904
0.006812
0.011729
0.011798
0.016405
0.007093
0.007183
0.013324
0.008577
0.010135
0.014472
0.01907
0.015128
0.004317
0.020806
0.01339
0.034324
0.015243
0.012946
0.015635
0.009771
0.006621
0.007389
0.003684
0.012789
0.016929
0.023105
0.002358
0.016039
0.016581
0.002206
0.0116
0.011075
0.009775
0.016033
0.017549
0.005859
0.006375
0.008949
0.012578
0.015752
0.009577
0.011547
0.002317
0.016719
0.003301
0.016324
0.010086
0.009483
0.019034
0.020605
0.007801
0.014668
0.004566
0.015922
0.024296
0.011912
0.012005
0.008968
0.009697
0.018597
0.012956
0.014954
0.020048
0.009409
0.008443
0.011594
0.002977
0.016898
0.018335
0.013263
0.016764
0.008173
0.013215
0.010381
0.020077
0.008379
0.009829
0.00183
0.010808
0.015308
0.013756
0.00723
0.011239
0.015605
0.002285
0.016257
0.006982
0.013476
0.012109
0.020233
0.002452
0.007692
0.005523
0.017438
0.007859
0.026141
0.015576
0.007076
0.018576
0.020268
0.014388
0.001688
0.01361
0.011705
0.003123
0.007816
0.002753
0.007378
0.010051
0.002226
0.015206
0.019509
0.014711
0.011733
0.008868
0.014322
0.006913
0.020247
0.014642
0.013947
0.010379
0.02099
0.006249
0.018653
0.022009
0.017453
0.002514
0.016117
0.021103
0.01766
0.007705
0.013676
0.02347
0.016964
0.001578
0.002816
0.005438
0.024301
0.007209
0.017155
0.009362
0.01312
0.012315
0.012628
0.003497
0.007969
0.023699
0.017409
0.013562
0.018204
0.013618
0.020012
0.017762
0.002488
0.008831
0.009079
0.005721
0.004398
0.013257
0.019073
0.005348
0.011476
0.006427
0.015766
0.008516
0.013396
0.006157
0.018268
0.01692
0.019208
0.021626
0.002402
0.019663
0.018944
0.009227
0.020763
0.007234
0.019112
0.010226
0.005426
0.012637
0.016008
0.009042
0.003164
0.021153
0.011247
0.015682
0.016872
0.013176
0.019161
0.017651
0.007579
0.00734
0.014472
0.013069
0.006438
0.019929
0.011876
0.011529
0.03016
0.013333
0.010139
0.038191
0.016459
0.00835
0.006305
0.010382
0.01292
0.010691
0.011177
0.002443
0.01978
0.007499
0.006522
0.006151
0.015079
0.015923
0.023335
0.03564
0.023052
0.002767
0.003906
0.01782
0.045637
0.021996
0.010373
0.02056
0.03685
0.002238
0.036038
0.010243
0.026003
0.021241
0.01218
0.013022
0.013941
0.01143
0.018234
0.014201
0.001557
0.014928
0.012309
0.018751
0.007472
0.013074
0.003538
0.034609
0.00676
0.012642
0.01702
0.0108
0.007478
0.00374
0.011341
0.011418
0.019136
0.002732
0.009073
0.01284
0.018853
0.002548
0.002353
0.010976
0.003369
0.019941
0.018821
0.011083
0.023186
0.037315
0.006809
0.025329
0.011154
0.027341
0.026856
0.030666
0.024579
0.015453
0.007813
0.019925
0.007673
0.011513
0.010861
0.019126
0.016908
0.02755
0.021872
0.007764
0.00771
0.010954
0.013203
0.031113
0.010078
0.012401
0.015612
0.005222
0.010915
0.009108
0.016319
0.013573
0.019979
0.011835
0.040236
0.013131
0.016149
0.008057
0.02315
0.002789
0.00595
0.002579
0.016594
0.018893
0.019662
0.003508
0.017756
0.008816
0.008319
0.034039
0.022352
0.019046
0.014428
0.010405
0.014754
0.003882
0.009123
0.013735
0.020309
0.015171
0.011978
0.013775
0.013197
0.021136
0.009233
0.004948
0.030727
0.007396
0.019993
0.008101
0.013545
0.007311
0.004136
0.00964
0.006205
0.013872
0.009864
0.021054
0.01253
0.013134
0.022137
0.012424
0.005606
0.006584
0.010076
0.01718
0.023413
0.014344
0.008784
0.017047
0.012225
0.010697
0.010877
0.01731
0.016388
0.019251
0.013231
0.012353
0.014301
0.007383
0.020077
0.00765
0.014119
0.009828
0.017083
0.031218
0.01204
0.001488
0.002052
0.017854
0.031889
0.009824
0.004525
0.027305
0.003319
0.002245
0.007978
0.011418
0.008313
0.021003
0.020401
0.020223
0.037882
0.015222
0.011922
0.012104
0.011123
0.021149
0.032885
0.027279
0.026111
0.025034
0.013845
0.00974
0.003768
0.012716
0.001861
0.013387
0.014095
0.01377
0.003066
0.013766
0.007151
0.029592
0.012157
0.007852
0.005499
0.021294
0.007322
0.025126
0.009155
0.017948
0.01713
0.007218
0.009488
0.009635
0.006633
0.016135
0.039698
0.014531
0.018464
0.014287
0.007974
0.015753
0.010041
0.003022
0.024443
0.022205
0.013497
0.014837
0.025176
0.007232
0.013851
0.017016
0.021429
0.034334
0.040586
0.02512
0.017222
0.004388
0.031374
0.009983
0.016196
0.002631
0.014906
0.015506
0.018706
0.00584
0.026771
0.015696
0.022135
0.021091
0.018276
0.008553
0.018923
0.021303
0.046086
0.040486
0.018199
0.008352
0.028773
0.005966
0.035411
0.024542
0.036387
0.00986
0.008366
0.014034
0.021529
0.013039
0.005883
0.019614
0.022226
0.008837
0.003573
0.007291
0.015599
0.021644
0.018062
0.016675
0.009215
0.019847
0.009853
0.003865
0.015231
0.012029
0.011305
0.011617
0.009975
0.011003
0.009771
0.018346
0.006469
0.016637
0.034936
0.020679
0.015797
0.013386
0.012275
0.008814
0.007597
0.00717
0.009359
0.010861
0.006671
0.018649
0.010731
0.026123
0.007294
0.027442
0.018356
0.007803
0.014847
0.007657
0.011075
0.014993
0.011632
0.002437
0.005422
0.009294
0.017736
0.003406
0.008384
0.012519
0.01054
0.01574
0.026169
0.017151
0.012209
0.015398
0.010661
0.008279
0.0141
0.013018
0.026973
0.014129
0.013383
0.002881
0.0207
0.003848
0.008977
0.008174
0.024029
0.005672
0.017088
0.002506
0.001862
0.005392
0.005173
0.01105
0.009527
0.020157
0.011735
0.012658
0.010125
0.018176
0.011332
0.005382
0.01681
0.028222
0.01832
0.026458
0.007406
0.008813
0.00381
0.013149
0.013447
0.027847
0.015947
0.016498
0.004994
0.010544
0.008272
0.014333
0.008392
0.015265
0.01599
0.002957
0.02012
0.008122
0.017483
0.004498
0.027057
0.010799
0.008715
0.009375
0.014693
0.011714
0.023742
0.010118
0.006593
0.009249
0.013127
0.011345
0.009717
0.022741
0.001382
0.021138
0.006314
0.015985
0.010567
0.003277
0.023937
0.01507
0.021905
0.002744
0.013282
0.007686
0.014721
0.012572
0.013168
0.018314
0.017881
0.016901
0.024978
0.008618
0.016146
0.011311
0.010852
0.016045
0.013271
0.003239
0.001654
0.00205
0.01178
0.002665
0.024203
0.001733
0.028961
0.011826
0.027003
0.008662
0.013287
0.020031
0.011774
0.010121
0.0187
0.015032
0.015203
0.017412
0.01781
0.010614
0.014813
0.010685
0.012468
0.006967
0.024161
0.027119
0.018953
0.00982
0.014514
0.019134
0.011529
0.024039
0.00564
0.010508
0.022107
0.019152
0.020919
0.001783
0.018255
0.010764
0.011366
0.002546
0.008628
0.015201
0.009762
0.008731
0.009364
0.016394
0.015449
0.001617
0.010513
0.010044
0.011921
0.026074
0.007691
0.007384
0.017803
0.014849
0.0022
0.010298
0.009944
0.021065
0.019865
0.013505
0.019711
0.008485
0.010667
0.010969
0.006275
0.004374
0.00754
0.004727
0.006981
0.016087
0.016105
0.009834
0.010078
0.015485
0.016372
0.016874
0.014994
0.01718
0.012869
0.002996
0.007961
0.013298
0.010722
0.008749
0.011879
0.014954
0.007824
0.015231
0.010206
0.009274
0.014134
0.007982
0.002521
0.014457
0.019193
0.031229
0.017425
0.014891
0.006075
0.009477
0.017367
0.01549
0.012312
0.024425
0.01084
0.017873
0.015679
0.00445
0.021477
0.017974
0.010927
0.013997
0.00253
0.010758
0.022364
0.012541
0.005745
0.011889
0.003016
0.031278
0.008666
0.034839
0.001774
0.015054
0.013461
0.007055
0.011439
0.017581
0.009252
0.017223
0.002478
0.011766
0.015357
0.016581
0.009189
0.016381
0.016896
0.013326
0.004055
0.013925
0.010768
0.006653
0.00873
0.015696
0.014634
0.006344
0.010076
0.005409
0.012886
0.015955
0.008002
0.008949
0.003493
0.005735
0.007495
0.017124
0.008557
0.022461
0.012028
0.018296
0.002078
0.011861
0.007808
0.015085
0.014121
0.006021
0.004467
0.004666
0.010543
0.009717
0.017789
0.004072
0.016685
0.014588
0.03504
0.012339
0.030206
0.020267
0.020174
0.011627
