0.00899
0.007164
0.004851
0.013591
0.004123
0.029186
0.008151
0.025145
0.005824
0.008333
0.020358
0.008812
0.021989
0.022126
0.004763
0.014512
0.010579
0.016704
0.010474
0.027862
0.002617
0.009464
0.012383
0.015096
0.014571
0.008251
0.008326
0.006273
0.01606
0.023381
0.011145
0.002028
0.012432
0.001488
0.014574
0.01424
0.017925
0.01147
0.021859
0.004534
0.004691
0.019344
0.008988
0.010377
0.01886
0.027879
0.009302
0.010137
0.011336
0.011339
0.015012
0.0095
0.009763
0.007537
0.001968
0.014925
0.007483
0.013412
0.024185
0.013938
0.01117
0.03573
0.004608
0.01338
0.014657
0.004285
0.003919
0.005593
0.00692
0.005386
0.007657
0.020554
0.016496
0.01619
0.00629
0.015479
0.020359
0.039563
0.006662
0.017736
0.008532
0.008485
0.01069
0.014544
0.010526
0.01766
0.018209
0.019934
0.014552
0.00672
0.003797
0.007143
0.001488
0.015208
0.010487
0.004846
0.007858
0.00939
0.013536
0.001558
0.008358
0.015089
0.019223
0.002114
0.002451
0.019152
0.012791
0.017569
0.005208
0.013158
0.012043
0.004749
0.013292
0.015678
0.013827
0.00744
0.010018
0.007464
0.01629
0.010927
0.015528
0.012026
0.013016
0.021591
0.016252
0.009207
0.009147
0.017731
0.013324
0.001369
0.013036
0.012107
0.00774
0.014689
0.005852
0.010667
0.005364
0.010335
0.005596
0.002151
0.020039
0.01552
0.002949
0.001676
0.015044
0.006534
0.012085
0.010052
0.010515
0.005537
0.017973
0.007159
0.008354
0.013067
0.021331
0.006282
0.006176
0.009522
0.005832
0.014508
0.007457
0.014071
0.011035
0.013144
0.00659
0.002335
0.013061
0.015774
0.009045
0.006118
0.013874
0.013677
0.010343
0.011056
0.008264
0.009569
0.008969
0.008011
0.004727
0.008806
0.005759
0.021582
0.023078
0.006523
0.003165
0.016255
0.010094
0.008704
0.015379
0.00325
0.015374
0.013
0.01364
0.003774
0.015502
0.016076
0.035121
0.031833
0.031259
0.005289
0.01255
0.005352
0.011257
0.015195
0.024679
0.002487
0.010996
0.006859
0.004506
0.006444
0.010425
0.004487
0.032714
0.005724
0.01257
0.002839
0.012753
0.002713
0.015551
0.020197
0.022403
0.008701
0.005898
0.007867
0.010284
0.017142
0.018102
0.002426
0.016029
0.025584
0.009876
0.01157
0.031883
0.009321
0.013364
0.02037
0.022375
0.005102
0.004406
0.01172
0.010947
0.015541
0.009418
0.012839
0.008501
0.007652
0.006562
0.019288
0.016313
0.0212
0.012854
0.016292
0.018348
0.007407
0.006956
0.014723
0.016017
0.01529
0.008677
0.020592
0.018722
0.013288
0.003202
0.008629
0.017364
0.022353
0.019016
0.008702
0.006617
0.018392
0.01205
0.013832
0.014611
0.0013
0.013685
0.001686
0.01929
0.003618
0.025533
0.010357
0.008543
0.012001
0.015579
0.021603
0.014866
0.002286
0.013618
0.009618
0.00574
0.01668
0.018737
0.001735
0.01148
0.005918
0.01311
0.011487
0.001215
0.012144
0.00385
0.00258
0.026244
0.008686
0.021931
0.006589
0.017743
0.007017
0.013139
0.004117
0.008393
0.018429
0.001512
0.013162
0.011491
0.005825
0.007054
0.024996
0.015837
0.006477
0.006806
0.01524
0.006782
0.008212
0.01323
0.021313
0.017307
0.001581
0.019237
0.010269
0.01096
0.003597
0.00886
0.010419
0.012807
0.008138
0.016244
0.018909
0.009905
0.018085
0.020329
0.026597
0.007075
0.015145
0.003307
0.015438
0.001703
0.018644
0.013179
0.007035
0.012964
0.025725
0.021706
0.007094
0.002017
0.020049
0.017198
0.013492
0.015128
0.013505
0.009752
0.011087
0.011358
0.013509
0.004491
0.004658
0.011471
0.021057
0.008695
0.009939
0.018992
0.010337
0.01477
0.007304
0.004602
0.021414
0.002147
0.015649
0.017801
0.010393
0.013256
0.008902
0.015383
0.011133
0.017469
0.015872
0.027027
0.012483
0.015514
0.008516
0.01827
0.015524
0.00555
0.016162
0.01579
0.002883
0.001949
0.009495
0.007638
0.02202
0.015134
0.011119
0.007127
0.008482
0.01411
0.01015
0.005077
0.017584
0.016066
0.017765
0.007298
0.017493
0.013226
0.008172
0.012135
0.029698
0.013026
0.020687
0.009018
0.001384
0.009592
0.008372
0.017452
0.01414
0.00627
0.008678
0.014874
0.014916
0.01763
0.004605
0.007155
0.007374
0.005821
0.019504
0.011954
0.015315
0.005809
0.001602
0.018402
0.006923
0.018404
0.001457
0.008771
0.024687
0.017965
0.012774
0.004008
0.008457
0.008861
0.002296
0.014996
0.020567
0.014271
0.003265
0.01195
0.002368
0.025164
0.007886
0.019634
0.005115
0.013752
0.002058
0.022283
0.001348
0.005008
0.025849
0.001783
0.014353
0.002028
0.024482
0.016119
0.015444
0.007694
0.016003
0.018952
0.004252
0.005402
0.009415
0.010567
0.024516
0.005096
0.018827
0.020272
0.002185
0.002129
0.010173
0.024946
0.003613
0.002683
0.010266
0.008183
0.015509
0.024682
0.015731
0.029091
0.065869
0.009957
0.012775
0.014509
0.009171
0.007107
0.002235
0.021245
0.029499
0.009425
0.010098
0.015056
0.013327
0.006354
0.027112
0.008897
0.019047
0.014544
0.002159
0.005941
0.001588
0.009861
0.007041
0.008524
0.027057
0.021634
0.018097
0.005
0.002958
0.016442
0.009949
0.03954
0.024816
0.012731
0.016264
0.020488
0.006388
0.017946
0.005654
0.006211
0.014353
0.005446
0.013852
0.013895
0.015738
0.008886
0.009121
0.02006
0.015322
0.002972
0.0159
0.001776
0.011182
0.010439
0.010945
0.012393
0.019339
0.008739
0.015046
0.004498
0.015133
0.022688
0.012072
0.004782
0.013311
0.024839
0.01766
0.010615
0.008452
0.021032
0.007823
0.016915
0.011834
0.008353
0.011912
0.017924
0.009837
0.038742
0.017539
0.017207
0.015876
0.003388
0.018648
0.006708
0.025521
0.009166
0.008678
0.010283
0.01232
0.007782
0.00556
0.014303
0.015037
0.01398
0.014364
0.008438
0.010438
0.01263
0.016498
0.002778
0.003994
0.017178
0.022942
0.014081
0.00677
0.003125
0.013347
0.006449
0.00673
0.027051
0.017615
0.009179
0.010217
0.012962
0.0034
0.008857
0.010569
0.012562
0.008369
0.049734
0.002896
0.011212
0.0155
0.025809
0.034523
0.009176
0.01479
0.018249
0.013082
0.009982
0.007031
0.009448
0.014737
0.008328
0.014545
0.008179
0.010898
0.001853
0.011741
0.00996
0.021377
0.030317
0.018557
0.021164
0.020914
0.002805
0.009854
0.004107
0.013471
0.01102
0.003866
0.011252
0.010133
0.012958
0.021187
0.010606
0.022992
0.017787
0.01612
0.0058
0.009927
0.007329
0.001272
0.013212
0.006933
0.014518
0.011016
0.01134
0.01046
0.006613
0.008356
0.014764
0.010862
0.01572
0.013882
0.01847
0.011171
0.01722
0.01689
0.013045
0.027225
0.014847
0.011696
0.019281
0.014403
0.011646
0.020577
0.025771
0.012793
0.016766
0.013697
0.010932
0.020421
0.029033
0.004128
0.002955
0.002248
0.014837
0.007263
0.01593
0.008247
0.016987
0.017259
0.002815
0.010264
0.017707
0.032516
0.009836
0.022333
0.012532
0.015346
0.004321
0.022911
0.012219
0.01462
0.008537
0.025705
0.002018
0.009562
0.009447
0.007742
0.011266
0.011298
0.008701
0.007573
0.007331
0.010052
0.023377
0.011971
0.018396
0.01109
0.009719
0.017085
0.004055
0.004493
0.012999
0.009009
0.010326
0.00879
0.015897
0.018406
0.008529
0.0045
0.020138
0.039438
0.01004
0.017518
0.010058
0.018491
0.016012
0.001607
0.006077
0.010048
0.011159
0.009983
0.003323
0.006208
0.007435
0.012151
0.033565
0.023552
0.016296
0.012689
0.013382
0.002792
0.009489
0.007759
0.003455
0.005613
0.002047
0.01365
0.046219
0.025116
0.030268
0.016919
0.0159
0.005662
0.006622
0.008384
0.010667
0.007296
0.0053
0.015912
0.005928
0.01579
0.022404
0.023148
0.015304
0.023485
0.016893
0.011571
0.005083
0.016297
0.002352
0.012246
0.015885
0.011666
0.025357
0.012383
0.014403
0.013718
0.015075
0.01143
0.014703
0.010139
0.015623
0.011835
0.032034
0.00954
0.008101
0.014377
0.003718
0.027007
0.014613
0.019183
0.012615
0.006329
0.011462
0.007096
0.026679
0.015244
0.02485
0.00805
0.00397
0.025389
0.014797
0.005262
0.010195
0.011392
0.020088
0.007608
0.01124
0.009243
0.019655
0.016545
0.021063
0.008984
0.011595
0.005046
0.005259
0.010536
0.01679
0.004104
0.009413
0.001362
0.009291
0.008335
0.016056
0.020535
0.011214
0.013464
0.0066
0.010701
0.001723
0.018274
0.011924
0.011504
0.019895
0.01304
0.009932
0.008814
0.02185
0.003669
0.005047
0.010044
0.016514
0.016487
0.013984
0.003305
0.012183
0.006147
0.00838
0.011178
0.012655
0.016813
0.001738
0.007103
0.007452
0.014454
0.016404
0.018672
0.018565
0.009616
0.013673
0.002528
0.010854
0.015166
0.00715
0.012004
0.012186
0.009403
0.010933
0.020157
0.011271
0.014386
0.014364
0.013925
0.018949
0.023215
0.00797
0.005285
0.009369
0.007179
0.015207
0.024177
0.020745
0.002514
0.005278
0.001691
0.012238
0.002501
0.001955
0.016715
0.009887
0.010794
0.025747
0.021201
0.014976
0.008215
0.002536
0.029137
0.009707
0.017308
0.008337
0.01586
0.022591
0.006847
0.014055
0.009826
0.01906
0.008529
0.003526
0.027874
0.010189
0.009456
0.010336
0.005221
0.01315
0.012498
0.009728
0.011435
0.01709
0.01697
0.016691
0.008344
0.003248
0.005608
0.01558
0.020094
0.008492
0.009058
0.013889
0.012068
0.017966
0.011605
0.026519
0.006183
0.012082
0.006341
0.006003
0.015211
0.010173
0.010646
0.00594
0.00874
0.003446
0.015216
0.016895
0.008714
0.007941
0.004544
0.012181
0.016563
0.01814
0.005494
0.012822
0.009917
0.006695
0.01065
0.014707
0.007778
0.014423
0.02315
0.011665
0.02709
0.010633
0.011929
0.013563
0.0168
0.013444
0.012365
0.008809
0.009411
0.008729
0.009375
0.008868
0.005384
0.011378
0.002119
0.012305
0.019685
0.01214
0.007501
0.024136
0.02026
0.010505
0.002295
