0.005823
0.008716
0.012037
0.009127
0.012974
0.005435
0.002504
0.004915
0.038465
0.010968
0.035751
0.018197
0.008789
0.005031
0.012944
0.016797
0.00959
0.011594
0.013563
0.006028
0.013297
0.024422
0.010468
0.014291
0.009044
0.019045
0.013539
0.011656
0.028696
0.020629
0.01827
0.004452
0.005456
0.013562
0.009256
0.004045
0.007798
0.011323
0.012676
0.019469
0.020679
0.005356
0.002954
0.003283
0.027132
0.023382
0.006016
0.014504
0.01625
0.007759
0.004311
0.025007
0.009846
0.010183
0.026403
0.020131
0.003447
0.023697
0.020941
0.00643
0.019176
0.004575
0.007155
0.015445
0.021235
0.01523
0.005786
0.008417
0.016882
0.01469
0.007869
0.032729
0.026986
0.013221
0.009248
0.007744
0.005202
0.009347
0.015415
0.015967
0.021824
0.002146
0.015179
0.012227
0.006252
0.004409
0.017964
0.004955
0.011181
0.005394
0.012293
0.014952
0.011274
0.011763
0.015574
0.02577
0.010006
0.008715
0.008074
0.002179
0.007814
0.003666
0.001396
0.017661
0.017992
0.014658
0.002628
0.008953
0.014755
0.015532
0.010623
0.014633
0.012425
0.024246
0.032936
0.014184
0.009143
0.008804
0.009502
0.014339
0.010293
0.009684
0.017037
0.015382
0.017123
0.014927
0.009149
0.0091
0.010762
0.029384
0.030692
0.015716
0.004556
0.002708
0.009878
0.01485
0.008945
0.006063
0.011905
0.016445
0.02297
0.009517
0.00252
0.018882
0.013362
0.009358
0.007191
0.015548
0.013538
0.01003
0.016089
0.020032
0.010961
0.022298
0.021414
0.009354
0.024932
0.008265
0.002421
0.010121
0.012975
0.019032
0.022481
0.010815
0.006128
0.031731
0.012679
0.013031
0.011094
0.009289
0.015237
0.016197
0.002317
0.01411
0.007762
0.011463
0.009228
0.018045
0.004781
0.002223
0.005855
0.019037
0.010661
0.015038
0.00867
0.015937
0.007652
0.009905
0.011347
0.020194
0.013426
0.003823
0.015651
0.013269
0.005668
0.023369
0.024203
0.00581
0.005624
0.016746
0.004251
0.014018
0.005939
0.039284
0.005237
0.022598
0.015687
0.010322
0.021972
0.010911
0.011048
0.004789
0.023285
0.019604
0.024809
0.015365
0.020631
0.010363
0.009816
0.010677
0.013523
0.022377
0.014195
0.015006
0.010934
0.014974
0.01343
0.017471
0.022672
0.002026
0.034822
0.007306
0.012453
0.02006
0.002178
0.01507
0.00486
0.018945
0.016261
0.007675
0.007599
0.012189
0.03256
0.037063
0.009385
0.019877
0.022129
0.016972
0.015687
0.00641
0.006689
0.015799
0.013784
0.010302
0.00172
0.017297
0.010113
0.01471
0.013724
0.008391
0.016698
0.021373
0.012969
0.013512
0.005115
0.016521
0.003707
0.004011
0.015268
0.014128
0.011648
0.001814
0.010056
0.011292
0.01141
0.014575
0.014124
0.014903
0.022836
0.018159
0.012923
0.017848
0.020061
0.004157
0.020303
0.018989
0.017491
0.014951
0.006639
0.018013
0.007189
0.010232
0.007372
0.021883
0.017897
0.024896
0.016116
0.006346
0.014938
0.011478
0.018575
0.01262
0.004954
0.010375
0.003619
0.025789
0.017463
0.015317
0.016075
0.015665
0.028948
0.023351
0.015609
0.007548
0.007708
0.018812
0.008418
0.008224
0.006115
0.018904
0.008865
0.009923
0.012729
0.006816
0.011572
0.008518
0.004538
0.006126
0.010613
0.016429
0.019023
0.017584
0.007751
0.012444
0.020619
0.005442
0.016491
0.01193
0.008998
0.015873
0.007146
0.012889
0.003356
0.017754
0.01161
0.009875
0.007343
0.012526
0.009408
0.019413
0.009147
0.020384
0.001763
0.007484
0.014774
0.020377
0.02567
0.024158
0.011402
0.006755
0.014761
0.013415
0.012154
0.010304
0.005516
0.009572
0.012131
0.015702
0.003074
0.016078
0.018158
0.013655
0.016168
0.010908
0.040859
0.004358
0.009239
0.026949
0.005122
0.006513
0.001515
0.013366
0.006194
0.015738
0.02277
0.021306
0.005416
0.013747
0.003686
0.018394
0.006271
0.009914
0.008287
0.018448
0.011624
0.02011
0.010783
0.007041
0.006456
0.00608
0.021764
0.015786
0.018024
0.012167
0.014408
0.01714
0.001891
0.009321
0.009091
0.00702
0.006425
0.00897
0.012178
0.009475
0.013167
0.024102
0.002523
0.003391
0.021621
0.021965
0.009067
0.015431
0.009131
0.019317
0.025814
0.013369
0.015906
0.018957
0.026696
0.006976
0.014537
0.0084
0.010533
0.013218
0.021152
0.00255
0.002798
0.003716
0.017628
0.019979
0.002313
0.014448
0.005522
0.017296
0.041984
0.014807
0.0102
0.008798
0.007508
0.014455
0.007293
0.018126
0.027365
0.011943
0.040638
0.012323
0.009259
0.00561
0.013019
0.025174
0.021882
0.015727
0.012909
0.007983
0.010284
0.013497
0.008383
0.016459
0.001748
0.015647
0.020768
0.016662
0.026192
0.014644
0.010809
0.012035
0.033463
0.00647
0.012689
0.00974
0.011298
0.007582
0.005133
0.005946
0.011718
0.009542
0.01969
0.01516
0.022586
0.012716
0.018912
0.007135
0.02148
0.002906
0.002618
0.010386
0.0123
0.023378
0.022365
0.011563
0.025896
0.01319
0.018704
0.007047
0.014799
0.00647
0.004926
0.004786
0.021888
0.015997
0.009736
0.016656
0.020846
0.017552
0.007097
0.002705
0.012135
0.005913
0.015317
0.010444
0.020391
0.001895
0.010013
0.006118
0.00288
0.012512
0.01718
0.001831
0.032461
0.009671
0.003228
0.012002
0.007341
0.014412
0.014078
0.003972
0.012407
0.01176
0.007292
0.011979
0.017505
0.012254
0.001566
0.015942
0.009352
0.019878
0.0172
0.017359
0.01324
0.016336
0.005222
0.016837
0.011237
0.010494
0.028892
0.014582
0.017592
0.009788
0.013932
0.011262
0.026259
0.003029
0.01068
0.013976
0.013072
0.002702
0.018052
0.020991
0.008028
0.004586
0.010603
0.01569
0.010985
0.014619
0.017511
0.011887
0.017002
0.002831
0.002884
0.007829
0.011469
0.006558
0.004613
0.009357
0.017081
0.015363
0.010341
0.022061
0.012213
0.009348
0.024337
0.029002
0.022404
0.018868
0.004499
0.014871
0.008498
0.011899
0.015101
0.015547
0.006014
0.015787
0.008945
0.017341
0.009084
0.012635
0.012578
0.0022
0.013217
0.022889
0.029014
0.009287
0.033679
0.008601
0.015464
0.023675
0.017278
0.018284
0.02003
0.003496
0.002971
0.008072
0.017438
0.006816
0.034424
0.029098
0.01477
0.014577
0.009799
0.010156
0.021127
0.007236
0.023538
0.012684
0.009334
0.018951
0.002105
0.01145
0.00701
0.014399
0.005887
0.00268
0.013819
0.023577
0.002526
0.015952
0.013643
0.004599
0.020855
0.013881
0.018059
0.016628
0.007525
0.017043
0.012588
0.014615
0.027862
0.02108
0.002828
0.010148
0.012247
0.021427
0.021534
0.017873
0.009289
0.018047
0.020541
0.005953
0.01436
0.014301
0.015173
0.004459
0.0153
0.015409
0.011224
0.015282
0.015956
0.005102
0.006416
0.010112
0.013914
0.003082
0.016129
0.037049
0.004545
0.019364
0.003061
0.008267
0.019682
0.003131
0.015384
0.003686
0.012529
0.008533
0.008016
0.008732
0.019769
0.011264
0.013014
0.011728
0.015073
0.011524
0.01421
0.010337
0.010284
0.016059
0.023009
0.002271
0.009606
0.013884
0.009997
0.00882
0.020981
0.014422
0.010928
0.012736
0.009644
0.001614
0.011214
0.016358
0.011688
0.008074
0.012033
0.005547
0.028095
0.014875
0.011024
0.008407
0.012232
0.023141
0.022639
0.014859
0.012934
0.050832
0.003608
0.023598
0.008937
0.00718
0.01304
0.002985
0.02149
0.024509
0.023945
0.02095
0.010125
0.009226
0.008829
0.020635
0.013551
0.003814
0.007135
0.020335
0.003611
0.021486
0.023014
0.015598
0.022437
0.007195
0.007235
0.003106
0.012325
0.022871
0.009855
0.004216
0.008255
0.001737
0.008518
0.035201
0.012314
0.017086
0.011867
0.006577
0.02316
0.00602
0.01248
0.017895
0.020304
0.009935
0.001387
0.017538
0.016193
0.021291
0.013492
0.013892
0.014502
0.038806
0.015579
0.007342
0.01835
0.016254
0.012169
0.01281
0.018231
0.007086
0.014565
0.01341
0.007238
0.012064
0.02856
0.012295
0.007658
0.016295
0.016542
0.008086
0.020158
0.019215
0.011105
0.020403
0.019951
0.011319
0.018522
0.009527
0.011504
0.008651
0.002359
0.013499
0.005618
0.020612
0.016504
0.013522
0.017777
0.01878
0.009714
0.011334
0.006018
0.015803
0.018368
0.017119
0.007628
0.002935
0.022851
0.013153
0.010606
0.011079
0.015218
0.005832
0.018781
0.019292
0.008602
0.012364
0.020664
0.017185
0.003287
0.016617
0.001998
0.019906
0.011845
0.006131
0.005414
0.011658
0.013021
0.013994
0.022332
0.001725
0.015174
0.007163
0.003238
0.016505
0.007004
0.0206
0.007903
0.012812
0.018687
0.008751
0.01403
0.015364
0.001752
0.011976
0.007755
0.020736
0.014998
0.011614
0.011569
0.010114
0.031427
0.025286
0.030825
0.009242
0.011939
0.018371
0.012162
0.026443
0.008736
0.013674
0.009489
0.009152
0.00183
0.001721
0.01019
0.025187
0.025737
0.01129
0.008556
0.018412
0.01362
0.002989
0.017043
0.02426
0.006388
0.009613
0.011216
0.012771
0.00421
0.01005
0.010725
0.014153
0.003505
0.010299
0.00531
0.031309
0.017136
0.00952
0.006571
0.010982
0.014131
0.0135
0.002335
0.007143
0.010981
0.011354
0.016238
0.014943
0.012333
0.006885
0.018449
0.00582
0.027319
0.007834
0.01492
0.034182
0.023582
0.023262
0.009891
0.02769
0.013475
0.011659
0.016818
0.027538
0.016923
0.010179
0.009882
0.008797
0.006684
0.013271
0.018681
0.012575
0.004105
0.011312
0.0125
0.012112
0.016596
0.023067
0.011086
0.015743
0.003598
0.017467
0.019891
0.016881
0.015792
0.016727
0.006707
0.010522
0.013832
0.025835
0.01536
0.011858
0.013733
0.024163
0.007867
0.004123
0.004743
0.007474
0.019474
0.001872
0.005159
0.021832
0.013013
0.004026
0.005974
0.003098
0.015691
0.003721
0.019847
0.021157
0.002066
0.036662
0.013438
0.018549
0.017352
0.020045
0.013477
0.020249
0.024628
0.032667
0.012854
0.006309
0.007409
0.020863
0.013795
0.00678
